1230850800 20
1230937200 22
1231023600 26
1231110000 22
1231196400 33
1231282800 53
1231369200 39
1231455600 49
1231542000 39
1231628400 34
1231714800 14
1231801200 33
1231887600 45
1231974000 43
1232060400 43
1232146800 47
1232233200 40
1232319600 16
1232406000 25
1232492400 31
1232578800 44
1232665200 41
1232751600 42
1232838000 39
1232924400 8
1233010800 22
1233097200 26
1233183600 32
1233270000 41
1233356400 28
1233442800 39
1233529200 18
1233615600 17
1233702000 21
1233788400 14
1233874800 23
1233961200 21
1234047600 30
1234134000 28
1234220400 25
1234306800 45
1234393200 40
1234479600 51
1234566000 36
1234652400 32
1234738800 12
1234825200 20
1234911600 29
1234998000 33
1235084400 37
1235170800 56
1235257200 40
1235343600 18
1235430000 24
1235516400 34
1235602800 33
1235689200 47
1235775600 43
1235862000 36
1235948400 22
1236034800 16
1236121200 28
1236207600 45
1236294000 56
1236380400 57
1236466800 40
1236553200 19
1236639600 15
1236726000 29
1236812400 50
1236898800 46
1236985200 52
1237071600 36
1237158000 21
1237244400 19
1237330800 30
1237417200 43
1237503600 37
1237590000 32
1237676400 26
1237762800 17
1237849200 22
1237935600 19
1238022000 37
1238108400 44
1238194800 37
1238281200 29
1238364000 23
1238450400 19
1238536800 34
1238623200 47
1238709600 40
1238796000 22
1238882400 25
1238968800 31
1239055200 22
1239141600 29
1239228000 30
1239314400 36
1239400800 23
1239487200 42
1239573600 20
1239660000 30
1239746400 44
1239832800 24
1239919200 48
1240005600 43
1240092000 31
1240178400 22
1240264800 30
1240351200 42
1240437600 35
1240524000 38
1240610400 31
1240696800 16
1240783200 24
1240869600 19
1240956000 38
1241042400 41
1241128800 24
1241215200 31
1241301600 36
1241388000 15
1241474400 11
1241560800 46
1241647200 25
1241733600 31
1241820000 36
1241906400 16
1241992800 14
1242079200 25
1242165600 38
1242252000 51
1242338400 34
1242424800 36
1242511200 27
1242597600 12
1242684000 14
1242770400 28
1242856800 39
1242943200 29
1243029600 35
1243116000 25
1243202400 18
1243288800 9
1243375200 21
1243461600 28
1243548000 25
1243634400 18
1243720800 20
1243807200 14
1243893600 12
1243980000 29
1244066400 26
1244152800 26
1244239200 28
1244325600 18
1244412000 10
1244498400 13
1244584800 30
1244671200 35
1244757600 45
1244844000 32
1244930400 18
1245016800 45
1245103200 16
1245189600 41
1245276000 35
1245362400 36
1245448800 35
1245535200 30
1245621600 15
1245708000 21
1245794400 26
1245880800 25
1245967200 28
1246053600 33
1246140000 26
1246226400 11
1246312800 11
1246399200 39
1246485600 17
1246572000 22
1246658400 29
1246744800 21
1246831200 12
1246917600 16
1247004000 20
1247090400 29
1247176800 41
1247263200 22
1247349600 37
1247436000 11
1247522400 15
1247608800 19
1247695200 38
1247781600 52
1247868000 37
1247954400 21
1248040800 11
1248127200 14
1248213600 34
1248300000 28
1248386400 32
1248472800 27
1248559200 24
1248645600 12
1248732000 14
1248818400 35
1248904800 18
1248991200 22
1249077600 15
1249164000 27
1249250400 19
1249336800 13
1249423200 24
1249509600 42
1249596000 25
1249682400 31
1249768800 28
1249855200 19
1249941600 16
1250028000 22
1250114400 38
1250200800 37
1250287200 39
1250373600 25
1250460000 14
1250546400 7
1250632800 26
1250719200 33
1250805600 39
1250892000 35
1250978400 37
1251064800 13
1251151200 11
1251237600 37
1251324000 33
1251410400 33
1251496800 24
1251583200 19
1251669600 13
1251756000 13
1251842400 13
1251928800 31
1252015200 44
1252101600 35
1252188000 29
1252274400 13
1252360800 11
1252447200 25
1252533600 35
1252620000 43
1252706400 28
1252792800 33
1252879200 15
1252965600 22
1253052000 14
1253138400 41
1253224800 50
1253311200 26
1253397600 34
1253484000 11
1253570400 14
1253656800 38
1253743200 29
1253829600 33
1253916000 27
1254002400 29
1254088800 9
1254175200 16
1254261600 13
1254348000 25
1254434400 25
1254520800 35
1254607200 29
1254693600 19
1254780000 24
1254866400 42
1254952800 49
1255039200 42
1255125600 47
1255212000 36
1255298400 26
1255384800 17
1255471200 40
1255557600 31
1255644000 42
1255730400 35
1255816800 37
1255903200 8
1255989600 9
1256076000 30
1256162400 33
1256248800 42
1256335200 39
1256421600 24
1256511600 12
1256598000 14
1256684400 13
1256770800 18
1256857200 18
1256943600 32
1257030000 25
1257116400 14
1257202800 9
1257289200 21
1257375600 21
1257462000 28
1257548400 34
1257634800 43
1257721200 16
1257807600 17
1257894000 47
1257980400 26
1258066800 31
1258153200 37
1258239600 28
1258326000 11
1258412400 16
1258498800 40
1258585200 50
1258671600 32
1258758000 41
1258844400 33
1258930800 10
1259017200 19
1259103600 29
1259190000 29
1259276400 5
1259362800 30
1259449200 24
1259535600 12
1259622000 11
1259708400 30
1259794800 25
1259881200 31
1259967600 34
1260054000 14
1260140400 10
1260226800 9
1260313200 42
1260399600 29
1260486000 32
1260572400 30
1260658800 27
1260745200 12
1260831600 14
1260918000 25
1261004400 27
1261090800 18
1261177200 19
1261263600 18
1261350000 9
1261436400 10
1261522800 18
1261609200 33
1261695600 11
1261782000 2
1261868400 17
1261954800 15
1262041200 8
1262127600 30
1262214000 29
