1230850800 203
1230937200 315
1231023600 321
1231110000 249
1231196400 231
1231282800 434
1231369200 409
1231455600 484
1231542000 583
1231628400 450
1231714800 236
1231801200 311
1231887600 520
1231974000 472
1232060400 475
1232146800 441
1232233200 441
1232319600 347
1232406000 364
1232492400 403
1232578800 529
1232665200 496
1232751600 543
1232838000 435
1232924400 311
1233010800 296
1233097200 448
1233183600 291
1233270000 427
1233356400 448
1233442800 413
1233529200 261
1233615600 279
1233702000 321
1233788400 351
1233874800 380
1233961200 324
1234047600 388
1234134000 314
1234220400 333
1234306800 452
1234393200 551
1234479600 500
1234566000 465
1234652400 429
1234738800 288
1234825200 306
1234911600 439
1234998000 449
1235084400 521
1235170800 393
1235257200 441
1235343600 293
1235430000 258
1235516400 396
1235602800 450
1235689200 453
1235775600 513
1235862000 500
1235948400 261
1236034800 182
1236121200 350
1236207600 451
1236294000 440
1236380400 391
1236466800 456
1236553200 294
1236639600 271
1236726000 352
1236812400 450
1236898800 507
1236985200 502
1237071600 433
1237158000 273
1237244400 176
1237330800 319
1237417200 440
1237503600 474
1237590000 378
1237676400 355
1237762800 262
1237849200 261
1237935600 362
1238022000 455
1238108400 438
1238194800 363
1238281200 388
1238364000 225
1238450400 227
1238536800 342
1238623200 370
1238709600 411
1238796000 387
1238882400 411
1238968800 298
1239055200 250
1239141600 344
1239228000 402
1239314400 424
1239400800 396
1239487200 341
1239573600 263
1239660000 216
1239746400 331
1239832800 329
1239919200 451
1240005600 377
1240092000 340
1240178400 202
1240264800 220
1240351200 399
1240437600 382
1240524000 417
1240610400 352
1240696800 308
1240783200 210
1240869600 180
1240956000 328
1241042400 415
1241128800 435
1241215200 288
1241301600 294
1241388000 253
1241474400 183
1241560800 375
1241647200 340
1241733600 320
1241820000 389
1241906400 345
1241992800 199
1242079200 253
1242165600 438
1242252000 450
1242338400 419
1242424800 370
1242511200 353
1242597600 231
1242684000 172
1242770400 299
1242856800 415
1242943200 283
1243029600 350
1243116000 337
1243202400 241
1243288800 153
1243375200 270
1243461600 376
1243548000 330
1243634400 292
1243720800 245
1243807200 167
1243893600 166
1243980000 295
1244066400 330
1244152800 239
1244239200 279
1244325600 301
1244412000 218
1244498400 191
1244584800 273
1244671200 309
1244757600 311
1244844000 292
1244930400 268
1245016800 338
1245103200 200
1245189600 368
1245276000 331
1245362400 281
1245448800 376
1245535200 315
1245621600 181
1245708000 199
1245794400 283
1245880800 280
1245967200 287
1246053600 310
1246140000 231
1246226400 163
1246312800 177
1246399200 292
1246485600 257
1246572000 306
1246658400 320
1246744800 266
1246831200 204
1246917600 160
1247004000 337
1247090400 286
1247176800 299
1247263200 254
1247349600 269
1247436000 211
1247522400 164
1247608800 335
1247695200 368
1247781600 400
1247868000 331
1247954400 303
1248040800 216
1248127200 188
1248213600 289
1248300000 331
1248386400 307
1248472800 322
1248559200 293
1248645600 215
1248732000 166
1248818400 318
1248904800 307
1248991200 350
1249077600 329
1249164000 322
1249250400 239
1249336800 196
1249423200 268
1249509600 316
1249596000 313
1249682400 361
1249768800 286
1249855200 351
1249941600 193
1250028000 271
1250114400 369
1250200800 397
1250287200 325
1250373600 205
1250460000 157
1250546400 174
1250632800 254
1250719200 354
1250805600 368
1250892000 390
1250978400 413
1251064800 303
1251151200 236
1251237600 301
1251324000 313
1251410400 339
1251496800 333
1251583200 282
1251669600 240
1251756000 221
1251842400 324
1251928800 343
1252015200 316
1252101600 368
1252188000 326
1252274400 227
1252360800 231
1252447200 316
1252533600 333
1252620000 389
1252706400 291
1252792800 372
1252879200 311
1252965600 306
1253052000 342
1253138400 393
1253224800 449
1253311200 344
1253397600 344
1253484000 178
1253570400 204
1253656800 337
1253743200 342
1253829600 322
1253916000 322
1254002400 309
1254088800 205
1254175200 196
1254261600 265
1254348000 412
1254434400 370
1254520800 368
1254607200 332
1254693600 283
1254780000 243
1254866400 367
1254952800 413
1255039200 415
1255125600 371
1255212000 439
1255298400 274
1255384800 246
1255471200 364
1255557600 348
1255644000 294
1255730400 312
1255816800 363
1255903200 219
1255989600 220
1256076000 287
1256162400 367
1256248800 378
1256335200 360
1256421600 318
1256511600 222
1256598000 202
1256684400 314
1256770800 292
1256857200 309
1256943600 381
1257030000 333
1257116400 216
1257202800 197
1257289200 346
1257375600 334
1257462000 341
1257548400 322
1257634800 368
1257721200 267
1257807600 216
1257894000 351
1257980400 394
1258066800 329
1258153200 362
1258239600 320
1258326000 241
1258412400 176
1258498800 343
1258585200 427
1258671600 444
1258758000 410
1258844400 321
1258930800 238
1259017200 246
1259103600 309
1259190000 297
1259276400 114
1259362800 322
1259449200 412
1259535600 223
1259622000 183
1259708400 293
1259794800 272
1259881200 367
1259967600 399
1260054000 262
1260140400 221
1260226800 190
1260313200 359
1260399600 297
1260486000 297
1260572400 300
1260658800 318
1260745200 163
1260831600 148
1260918000 279
1261004400 281
1261090800 267
1261177200 224
1261263600 202
1261350000 159
1261436400 134
1261522800 227
1261609200 293
1261695600 103
1261782000 43
1261868400 162
1261954800 113
1262041200 157
1262127600 243
1262214000 269
