1356994800 21
1357081200 32
1357167600 23
1357254000 35
1357340400 32
1357426800 25
1357513200 13
1357599600 37
1357686000 48
1357772400 19
1357858800 24
1357945200 36
1358031600 26
1358118000 30
1358204400 23
1358290800 29
1358377200 29
1358463600 25
1358550000 27
1358636400 38
1358722800 29
1358809200 34
1358895600 37
1358982000 27
1359068400 44
1359154800 74
1359241200 39
1359327600 41
1359414000 42
1359500400 43
1359586800 51
1359673200 32
1359759600 39
1359846000 32
1359932400 37
1360018800 40
1360105200 45
1360191600 43
1360278000 35
1360364400 43
1360450800 47
1360537200 40
1360623600 37
1360710000 55
1360796400 34
1360882800 41
1360969200 22
1361055600 22
1361142000 31
1361228400 18
1361314800 35
1361401200 25
1361487600 35
1361574000 54
1361660400 29
1361746800 26
1361833200 46
1361919600 37
1362006000 31
1362092400 35
1362178800 39
1362265200 42
1362351600 43
1362438000 52
1362524400 34
1362610800 31
1362697200 25
1362783600 36
1362870000 26
1362956400 25
1363042800 18
1363129200 20
1363215600 35
1363302000 30
1363388400 16
1363474800 9
1363561200 11
1363647600 18
1363734000 21
1363820400 38
1363906800 22
1363993200 11
1364079600 14
1364166000 9
1364252400 17
1364338800 18
1364425200 17
1364511600 18
1364598000 8
1364684400 11
1364767200 12
1364853600 13
1364940000 16
1365026400 20
1365112800 14
1365199200 24
1365285600 8
1365372000 20
1365458400 18
1365544800 8
1365631200 12
1365717600 14
1365804000 15
1365890400 5
1365976800 2
1366063200 13
1366149600 12
1366236000 25
1366322400 12
1366408800 14
1366495200 10
1366581600 8
1366668000 13
1366754400 19
1366840800 39
1366927200 12
1367013600 13
1367100000 9
1367186400 6
1367272800 17
1367359200 14
1367445600 15
1367532000 21
1367618400 15
1367704800 8
1367791200 11
1367877600 20
1367964000 11
1368050400 14
1368136800 6
1368223200 8
1368309600 6
1368396000 5
1368482400 8
1368568800 5
1368655200 5
1368741600 11
1368828000 6
1368914400 8
1369000800 6
1369087200 7
1369173600 10
1369260000 8
1369346400 18
1369432800 19
1369519200 8
1369605600 12
1369692000 2
1369778400 30
1369864800 17
1369951200 16
1370037600 11
1370124000 4
1370210400 5
1370296800 19
1370383200 19
1370469600 24
1370556000 16
1370642400 15
1370728800 12
1370815200 17
1370901600 22
1370988000 14
1371074400 17
1371160800 12
1371247200 15
1371333600 10
1371420000 11
1371506400 18
1371592800 26
1371679200 3
1371765600 15
1371852000 9
1371938400 6
1372024800 14
1372111200 12
1372197600 13
1372284000 12
1372370400 9
1372456800 10
1372543200 18
1372629600 6
1372716000 19
1372802400 10
1372888800 11
1372975200 12
1373061600 8
1373148000 6
1373234400 8
1373320800 5
1373407200 2
1373493600 3
1373580000 4
1373666400 7
1373752800 4
1373839200 9
1373925600 3
1374012000 10
1374098400 8
1374271200 3
1374357600 2
1374444000 3
1374530400 1
1374616800 13
1374703200 7
1374789600 2
1374876000 6
1374962400 1
1375048800 16
1375135200 7
1375221600 7
1375308000 11
1375394400 5
1375480800 7
1375567200 2
1375653600 4
1375740000 1
1375826400 3
1375912800 10
1375999200 8
1376085600 4
1376172000 7
1376258400 1
1376344800 7
1376431200 3
1376517600 1
1376604000 3
1376690400 1
1376863200 2
1376949600 1
1377036000 9
1377122400 3
1377208800 2
1377295200 2
1377381600 6
1377468000 1
1377813600 3
1377900000 3
1378159200 2
1378332000 1
1378504800 1
1378677600 4
1378764000 1
1378936800 2
1379023200 3
1379109600 3
1379196000 3
1379368800 2
1379455200 1
1379887200 1
1379973600 1
1380060000 6
1380146400 1
1380232800 2
1380319200 3
1380492000 2
1380578400 5
1380664800 2
1380751200 1
1381010400 1
1381096800 3
1381183200 8
1381356000 1
1381528800 3
1381615200 1
1381788000 1
1381874400 1
1382220000 1
1382306400 2
1382392800 4
1382479200 5
1382565600 7
1382652000 5
1382824800 3
1382914800 1
1383001200 1
1383087600 2
1383433200 1
1383519600 4
1383606000 6
1383692400 3
1383778800 2
1383865200 3
1383951600 1
1384038000 1
1384210800 2
1384297200 2
1384556400 2
1384642800 2
1384729200 2
1384815600 2
1384902000 9
1384988400 7
1385074800 1
1385161200 1
1385334000 2
1385420400 9
1385506800 3
1385593200 5
1385679600 4
1385766000 5
1385852400 2
1385938800 5
1386025200 4
1386111600 14
1386198000 10
1386284400 7
1386370800 3
1386457200 4
1386543600 5
1386630000 2
1386716400 5
1386802800 8
1386889200 2
1386975600 7
1387062000 5
1387234800 2
1387321200 6
1387407600 3
1387494000 4
1387580400 4
1387666800 1
1387753200 2
1388012400 5
1388098800 2
1388185200 4
1388271600 6
1388358000 4
1388444400 1
