1199142000 11
1199228400 24
1199314800 21
1199401200 25
1199487600 50
1199574000 19
1199660400 29
1199746800 90
1199833200 30
1199919600 24
1200006000 29
1200092400 71
1200178800 11
1200265200 26
1200351600 30
1200438000 27
1200524400 38
1200610800 37
1200697200 44
1200783600 8
1200870000 12
1200956400 31
1201042800 33
1201129200 37
1201215600 31
1201302000 38
1201388400 37
1201474800 13
1201561200 26
1201647600 23
1201734000 47
1201820400 20
1201906800 26
1201993200 27
1202079600 19
1202166000 23
1202252400 20
1202338800 58
1202425200 37
1202511600 41
1202598000 30
1202684400 14
1202770800 34
1202857200 5
1202943600 43
1203030000 30
1203116400 35
1203202800 32
1203289200 43
1203375600 21
1203462000 22
1203548400 22
1203634800 14
1203721200 26
1203807600 25
1203894000 29
1203980400 36
1204066800 23
1204153200 12
1204239600 17
1204326000 13
1204412400 17
1204498800 28
1204585200 20
1204671600 36
1204758000 24
1204844400 29
1204930800 24
1205017200 12
1205103600 8
1205190000 45
1205276400 32
1205362800 30
1205449200 13
1205535600 35
1205622000 24
1205708400 21
1205794800 22
1205881200 21
1205967600 29
1206054000 66
1206140400 22
1206226800 8
1206313200 27
1206399600 39
1206486000 37
1206572400 33
1206658800 37
1206745200 28
1206831600 23
1206914400 20
1207000800 51
1207087200 49
1207173600 49
1207260000 29
1207346400 26
1207432800 14
1207519200 16
1207605600 38
1207692000 17
1207778400 21
1207864800 20
1207951200 43
1208037600 23
1208124000 17
1208210400 20
1208296800 38
1208383200 21
1208469600 42
1208556000 33
1208642400 38
1208728800 7
1208815200 20
1208901600 44
1208988000 17
1209074400 24
1209160800 15
1209247200 7
1209333600 13
1209420000 17
1209506400 45
1209592800 34
1209679200 29
1209765600 50
1209852000 22
1209938400 30
1210024800 33
1210111200 32
1210197600 35
1210284000 21
1210370400 24
1210456800 13
1210543200 25
1210629600 8
1210716000 14
1210802400 7
1210888800 12
1210975200 16
1211061600 31
1211148000 17
1211234400 29
1211320800 19
1211407200 16
1211493600 9
1211580000 26
1211666400 6
1211752800 7
1211839200 27
1211925600 28
1212012000 10
1212098400 30
1212184800 19
1212271200 18
1212357600 16
1212444000 20
1212530400 19
1212616800 4
1212703200 21
1212789600 27
1212876000 30
1212962400 11
1213048800 16
1213135200 35
1213221600 10
1213308000 14
1213394400 12
1213480800 9
1213567200 9
1213653600 20
1213740000 46
1213826400 36
1213912800 20
1213999200 17
1214085600 10
1214172000 10
1214258400 11
1214344800 31
1214431200 17
1214517600 27
1214604000 11
1214690400 15
1214776800 11
1214863200 25
1214949600 13
1215036000 21
1215122400 27
1215208800 21
1215295200 30
1215381600 9
1215468000 12
1215554400 20
1215640800 12
1215727200 17
1215813600 25
1215900000 13
1215986400 15
1216072800 24
1216159200 35
1216245600 18
1216332000 35
1216418400 21
1216504800 11
1216591200 16
1216677600 15
1216764000 35
1216850400 28
1216936800 26
1217023200 18
1217109600 24
1217196000 17
1217282400 40
1217368800 24
1217455200 31
1217541600 27
1217628000 23
1217714400 7
1217800800 6
1217887200 24
1217973600 24
1218060000 21
1218146400 30
1218232800 31
1218319200 22
1218405600 11
1218492000 24
1218578400 35
1218664800 22
1218751200 20
1218837600 11
1218924000 23
1219010400 25
1219096800 40
1219183200 13
1219269600 30
1219356000 17
1219442400 13
1219528800 28
1219615200 28
1219701600 42
1219788000 31
1219874400 54
1219960800 40
1220047200 56
1220133600 26
1220220000 15
1220306400 38
1220392800 70
1220479200 57
1220565600 80
1220652000 28
1220738400 34
1220824800 29
1220911200 20
1220997600 68
1221084000 46
1221170400 32
1221256800 40
1221343200 20
1221429600 17
1221516000 35
1221602400 15
1221688800 29
1221775200 26
1221861600 9
1221948000 17
1222034400 18
1222120800 41
1222207200 53
1222293600 33
1222380000 28
1222466400 49
1222552800 35
1222639200 39
1222725600 23
1222812000 52
1222898400 34
1222984800 20
1223071200 18
1223157600 37
1223244000 23
1223330400 20
1223416800 50
1223503200 46
1223589600 44
1223676000 44
1223762400 35
1223848800 39
1223935200 32
1224021600 49
1224108000 40
1224194400 24
1224280800 28
1224367200 26
1224453600 18
1224540000 43
1224626400 28
1224712800 34
1224799200 61
1224885600 41
1224972000 28
1225062000 23
1225148400 16
1225234800 26
1225321200 23
1225407600 40
1225494000 27
1225580400 23
1225666800 13
1225753200 35
1225839600 37
1225926000 31
1226012400 36
1226098800 36
1226185200 27
1226271600 20
1226358000 37
1226444400 25
1226530800 41
1226617200 46
1226703600 38
1226790000 17
1226876400 17
1226962800 19
1227049200 17
1227135600 41
1227222000 36
1227308400 26
1227394800 20
1227481200 7
1227567600 19
1227654000 36
1227740400 9
1227826800 25
1227913200 27
1227999600 39
1228086000 12
1228172400 20
1228258800 23
1228345200 28
1228431600 17
1228518000 14
1228604400 6
1228690800 8
1228777200 27
1228863600 24
1228950000 11
1229036400 27
1229122800 55
1229209200 31
1229295600 31
1229382000 12
1229468400 42
1229554800 9
1229641200 22
1229727600 23
1229814000 6
1229900400 14
1229986800 11
1230073200 9
1230159600 8
1230246000 60
1230332400 42
1230418800 7
1230505200 14
1230591600 21
1230678000 28
