1167692400 9
1167778800 19
1167865200 34
1167951600 27
1168038000 38
1168124400 21
1168210800 7
1168297200 18
1168383600 17
1168470000 27
1168556400 35
1168642800 21
1168729200 17
1168815600 17
1168902000 10
1168988400 25
1169074800 19
1169161200 27
1169247600 30
1169334000 16
1169420400 7
1169506800 10
1169593200 29
1169679600 28
1169766000 19
1169852400 24
1169938800 15
1170025200 17
1170111600 14
1170198000 19
1170284400 11
1170370800 27
1170457200 18
1170543600 13
1170630000 3
1170716400 6
1170802800 23
1170889200 12
1170975600 21
1171062000 22
1171148400 14
1171234800 6
1171321200 9
1171407600 28
1171494000 17
1171580400 3
1171666800 25
1171753200 18
1171839600 7
1171926000 17
1172012400 14
1172098800 32
1172185200 25
1172271600 28
1172358000 24
1172444400 7
1172530800 9
1172617200 24
1172703600 18
1172790000 21
1172876400 14
1172962800 18
1173049200 11
1173135600 6
1173222000 24
1173308400 27
1173394800 25
1173481200 34
1173567600 28
1173654000 10
1173740400 15
1173826800 26
1173913200 31
1173999600 12
1174086000 8
1174172400 12
1174258800 9
1174345200 12
1174431600 18
1174518000 30
1174604400 17
1174690800 25
1174777200 21
1174860000 9
1174946400 19
1175032800 11
1175119200 26
1175205600 19
1175292000 14
1175378400 16
1175464800 8
1175551200 10
1175637600 27
1175724000 22
1175810400 21
1175896800 32
1175983200 16
1176069600 5
1176156000 25
1176242400 19
1176328800 22
1176415200 28
1176501600 30
1176588000 28
1176674400 8
1176760800 17
1176847200 10
1176933600 27
1177020000 22
1177106400 36
1177192800 19
1177279200 21
1177365600 20
1177452000 32
1177538400 32
1177624800 27
1177711200 24
1177797600 23
1177884000 16
1177970400 17
1178056800 26
1178143200 19
1178229600 17
1178316000 20
1178402400 10
1178488800 13
1178575200 7
1178661600 24
1178748000 8
1178834400 24
1178920800 26
1179007200 13
1179093600 7
1179180000 17
1179266400 24
1179352800 19
1179439200 23
1179525600 15
1179612000 28
1179698400 9
1179784800 18
1179871200 22
1179957600 28
1180044000 23
1180130400 22
1180216800 8
1180303200 19
1180389600 7
1180476000 25
1180562400 34
1180648800 21
1180735200 36
1180821600 14
1180908000 5
1180994400 8
1181080800 21
1181167200 23
1181253600 21
1181340000 28
1181426400 16
1181512800 11
1181599200 17
1181685600 21
1181772000 20
1181858400 15
1181944800 22
1182031200 16
1182117600 7
1182204000 15
1182290400 24
1182376800 23
1182463200 10
1182549600 23
1182636000 22
1182722400 13
1182808800 17
1182895200 11
1182981600 10
1183068000 16
1183154400 12
1183240800 9
1183327200 11
1183413600 10
1183500000 18
1183586400 18
1183672800 10
1183759200 24
1183845600 7
1183932000 13
1184018400 5
1184104800 29
1184191200 22
1184277600 19
1184364000 20
1184450400 13
1184536800 8
1184623200 12
1184709600 23
1184796000 15
1184882400 19
1184968800 22
1185055200 20
1185141600 6
1185228000 14
1185314400 19
1185400800 28
1185487200 25
1185573600 16
1185660000 10
1185746400 10
1185832800 22
1185919200 15
1186005600 31
1186092000 10
1186178400 14
1186264800 11
1186351200 16
1186437600 13
1186524000 30
1186610400 21
1186696800 22
1186783200 29
1186869600 11
1186956000 5
1187042400 12
1187128800 16
1187215200 24
1187301600 13
1187388000 35
1187474400 13
1187560800 16
1187647200 13
1187733600 14
1187820000 22
1187906400 11
1187992800 12
1188079200 11
1188165600 6
1188252000 7
1188338400 20
1188424800 25
1188511200 17
1188597600 20
1188684000 11
1188770400 11
1188856800 7
1188943200 22
1189029600 22
1189116000 16
1189202400 32
1189288800 10
1189375200 17
1189461600 15
1189548000 15
1189634400 21
1189720800 33
1189807200 22
1189893600 16
1189980000 14
1190066400 8
1190152800 27
1190239200 29
1190325600 27
1190412000 23
1190498400 25
1190584800 20
1190671200 11
1190757600 18
1190844000 16
1190930400 14
1191016800 24
1191103200 24
1191189600 19
1191276000 26
1191362400 18
1191448800 27
1191535200 12
1191621600 27
1191708000 20
1191794400 15
1191880800 12
1191967200 23
1192053600 22
1192140000 19
1192226400 21
1192312800 17
1192399200 11
1192485600 10
1192572000 18
1192658400 30
1192744800 23
1192831200 10
1192917600 18
1193004000 13
1193090400 17
1193176800 22
1193263200 17
1193349600 24
1193436000 16
1193522400 11
1193612400 10
1193698800 18
1193785200 19
1193871600 29
1193958000 15
1194044400 11
1194130800 8
1194217200 20
1194303600 8
1194390000 18
1194476400 19
1194562800 19
1194649200 14
1194735600 17
1194822000 14
1194908400 15
1194994800 16
1195081200 22
1195167600 18
1195254000 16
1195340400 23
1195426800 4
1195513200 8
1195599600 27
1195686000 21
1195772400 4
1195858800 20
1195945200 9
1196031600 6
1196118000 11
1196204400 17
1196290800 13
1196377200 16
1196463600 16
1196550000 9
1196636400 12
1196809200 13
1196895600 16
1196982000 17
1197068400 12
1197154800 15
1197241200 11
1197327600 3
1197414000 23
1197500400 29
1197586800 23
1197673200 18
1197759600 9
1197846000 4
1197932400 9
1198018800 12
1198105200 18
1198191600 20
1198278000 13
1198364400 5
1198450800 8
1198537200 8
1198623600 3
1198710000 7
1198796400 22
1198882800 19
1198969200 8
1199055600 8
