1167692400 143
1167778800 341
1167865200 360
1167951600 360
1168038000 369
1168124400 326
1168210800 153
1168297200 161
1168383600 293
1168470000 373
1168556400 399
1168642800 392
1168729200 339
1168815600 264
1168902000 238
1168988400 296
1169074800 325
1169161200 421
1169247600 440
1169334000 341
1169420400 192
1169506800 279
1169593200 364
1169679600 374
1169766000 422
1169852400 351
1169938800 399
1170025200 267
1170111600 219
1170198000 281
1170284400 242
1170370800 401
1170457200 399
1170543600 289
1170630000 185
1170716400 154
1170802800 232
1170889200 351
1170975600 426
1171062000 430
1171148400 356
1171234800 298
1171321200 211
1171407600 292
1171494000 173
1171580400 313
1171666800 402
1171753200 292
1171839600 182
1171926000 218
1172012400 328
1172098800 346
1172185200 491
1172271600 394
1172358000 400
1172444400 266
1172530800 174
1172617200 300
1172703600 337
1172790000 469
1172876400 352
1172962800 425
1173049200 271
1173135600 171
1173222000 235
1173308400 281
1173394800 377
1173481200 438
1173567600 490
1173654000 276
1173740400 256
1173826800 350
1173913200 387
1173999600 383
1174086000 215
1174172400 268
1174258800 185
1174345200 234
1174431600 363
1174518000 352
1174604400 435
1174690800 517
1174777200 362
1174860000 223
1174946400 227
1175032800 309
1175119200 376
1175205600 420
1175292000 498
1175378400 372
1175464800 231
1175551200 174
1175637600 244
1175724000 261
1175810400 385
1175896800 520
1175983200 418
1176069600 175
1176156000 201
1176242400 300
1176328800 300
1176415200 362
1176501600 577
1176588000 424
1176674400 157
1176760800 214
1176847200 332
1176933600 399
1177020000 461
1177106400 405
1177192800 332
1177279200 283
1177365600 221
1177452000 298
1177538400 291
1177624800 353
1177711200 395
1177797600 323
1177884000 278
1177970400 311
1178056800 255
1178143200 310
1178229600 365
1178316000 380
1178402400 326
1178488800 242
1178575200 218
1178661600 318
1178748000 363
1178834400 349
1178920800 442
1179007200 348
1179093600 174
1179180000 175
1179266400 293
1179352800 287
1179439200 349
1179525600 330
1179612000 318
1179698400 304
1179784800 181
1179871200 283
1179957600 302
1180044000 391
1180130400 324
1180216800 313
1180303200 266
1180389600 137
1180476000 308
1180562400 313
1180648800 351
1180735200 343
1180821600 326
1180908000 231
1180994400 158
1181080800 187
1181167200 301
1181253600 289
1181340000 399
1181426400 201
1181512800 282
1181599200 200
1181685600 242
1181772000 357
1181858400 344
1181944800 377
1182031200 325
1182117600 264
1182204000 222
1182290400 236
1182376800 271
1182463200 291
1182549600 403
1182636000 259
1182722400 255
1182808800 183
1182895200 236
1182981600 211
1183068000 277
1183154400 347
1183240800 249
1183327200 246
1183413600 153
1183500000 309
1183586400 178
1183672800 249
1183759200 223
1183845600 249
1183932000 160
1184018400 147
1184104800 276
1184191200 356
1184277600 313
1184364000 289
1184450400 223
1184536800 178
1184623200 148
1184709600 264
1184796000 251
1184882400 199
1184968800 292
1185055200 186
1185141600 128
1185228000 135
1185314400 323
1185400800 380
1185487200 263
1185573600 274
1185660000 197
1185746400 121
1185832800 165
1185919200 206
1186005600 236
1186092000 266
1186178400 239
1186264800 248
1186351200 160
1186437600 194
1186524000 288
1186610400 275
1186696800 285
1186783200 282
1186869600 155
1186956000 154
1187042400 148
1187128800 264
1187215200 310
1187301600 341
1187388000 304
1187474400 213
1187560800 151
1187647200 144
1187733600 180
1187820000 261
1187906400 265
1187992800 255
1188079200 223
1188165600 179
1188252000 174
1188338400 258
1188424800 294
1188511200 303
1188597600 287
1188684000 195
1188770400 94
1188856800 112
1188943200 215
1189029600 271
1189116000 214
1189202400 281
1189288800 261
1189375200 127
1189461600 216
1189548000 326
1189634400 332
1189720800 321
1189807200 331
1189893600 300
1189980000 217
1190066400 203
1190152800 248
1190239200 346
1190325600 336
1190412000 263
1190498400 257
1190584800 202
1190671200 151
1190757600 261
1190844000 227
1190930400 323
1191016800 311
1191103200 355
1191189600 296
1191276000 178
1191362400 296
1191448800 359
1191535200 319
1191621600 359
1191708000 277
1191794400 186
1191880800 176
1191967200 288
1192053600 337
1192140000 313
1192226400 329
1192312800 290
1192399200 173
1192485600 198
1192572000 363
1192658400 379
1192744800 334
1192831200 359
1192917600 321
1193004000 161
1193090400 196
1193176800 331
1193263200 363
1193349600 335
1193436000 294
1193522400 223
1193612400 137
1193698800 212
1193785200 409
1193871600 450
1193958000 250
1194044400 338
1194130800 209
1194217200 138
1194303600 178
1194390000 238
1194476400 317
1194562800 278
1194649200 296
1194735600 255
1194822000 141
1194908400 226
1194994800 296
1195081200 353
1195167600 280
1195254000 296
1195340400 224
1195426800 142
1195513200 128
1195599600 355
1195686000 279
1195772400 119
1195858800 187
1195945200 254
1196031600 112
1196118000 146
1196204400 311
1196290800 301
1196377200 343
1196463600 302
1196550000 213
1196636400 100
1196722800 103
1196809200 197
1196895600 275
1196982000 229
1197068400 312
1197154800 220
1197241200 131
1197327600 119
1197414000 297
1197500400 299
1197586800 152
1197673200 205
1197759600 240
1197846000 106
1197932400 151
1198018800 268
1198105200 259
1198191600 310
1198278000 297
1198364400 186
1198450800 137
1198537200 81
1198623600 77
1198710000 178
1198796400 267
1198882800 306
1198969200 241
1199055600 130
