1325458800 368
1325545200 275
1325631600 256
1325718000 349
1325804400 535
1325890800 549
1325977200 639
1326063600 293
1326150000 317
1326236400 541
1326322800 488
1326409200 495
1326495600 552
1326582000 522
1326668400 269
1326754800 320
1326841200 476
1326927600 482
1327014000 407
1327100400 650
1327186800 401
1327273200 358
1327359600 293
1327446000 528
1327532400 511
1327618800 533
1327705200 583
1327791600 600
1327878000 373
1327964400 352
1328050800 501
1328137200 521
1328223600 507
1328310000 506
1328396400 593
1328482800 284
1328569200 264
1328655600 357
1328742000 500
1328828400 565
1328914800 650
1329001200 535
1329087600 356
1329174000 313
1329260400 369
1329346800 464
1329433200 451
1329519600 539
1329606000 514
1329692400 400
1329778800 395
1329865200 489
1329951600 538
1330038000 488
1330124400 505
1330210800 539
1330297200 394
1330383600 454
1330470000 505
1330556400 359
1330642800 434
1330729200 589
1330815600 508
1330902000 384
1330988400 282
1331074800 474
1331161200 498
1331247600 554
1331334000 642
1331420400 573
1331506800 361
1331593200 434
1331679600 420
1331766000 452
1331852400 492
1331938800 579
1332025200 589
1332111600 434
1332198000 419
1332284400 467
1332370800 508
1332457200 586
1332543600 644
1332630000 539
1332712800 338
1332799200 356
1332885600 431
1332972000 397
1333058400 434
1333144800 426
1333231200 441
1333317600 285
1333404000 325
1333490400 397
1333576800 417
1333663200 465
1333749600 502
1333836000 586
1333922400 380
1334008800 346
1334095200 384
1334181600 402
1334268000 404
1334354400 420
1334440800 366
1334527200 301
1334613600 330
1334700000 345
1334786400 423
1334872800 422
1334959200 495
1335045600 488
1335132000 246
1335218400 308
1335304800 302
1335391200 415
1335477600 435
1335564000 502
1335650400 478
1335736800 281
1335823200 317
1335909600 268
1335996000 375
1336082400 473
1336168800 499
1336255200 536
1336341600 291
1336428000 280
1336514400 323
1336600800 310
1336687200 480
1336773600 402
1336860000 427
1336946400 309
1337032800 182
1337119200 310
1337205600 355
1337292000 385
1337378400 293
1337464800 318
1337551200 201
1337637600 232
1337724000 307
1337810400 221
1337896800 311
1337983200 291
1338069600 262
1338156000 197
1338242400 160
1338328800 262
1338415200 268
1338501600 320
1338588000 297
1338674400 228
1338760800 193
1338847200 140
1338933600 253
1339020000 296
1339106400 295
1339192800 239
1339279200 226
1339365600 271
1339452000 185
1339538400 144
1339624800 256
1339711200 256
1339797600 246
1339884000 266
1339970400 144
1340056800 158
1340143200 284
1340229600 244
1340316000 268
1340402400 235
1340488800 228
1340575200 167
1340661600 107
1340748000 185
1340834400 215
1340920800 236
1341007200 203
1341093600 201
1341180000 121
1341266400 120
1341352800 231
1341439200 211
1341525600 237
1341612000 289
1341698400 224
1341784800 148
1341871200 113
1341957600 171
1342044000 252
1342130400 240
1342216800 230
1342303200 226
1342389600 159
1342476000 110
1342562400 204
1342648800 243
1342735200 225
1342821600 214
1342908000 271
1342994400 182
1343080800 177
1343167200 262
1343253600 285
1343340000 287
1343426400 294
1343512800 290
1343599200 209
1343685600 129
1343772000 260
1343858400 264
1343944800 265
1344031200 255
1344117600 288
1344204000 220
1344290400 182
1344376800 254
1344463200 254
1344549600 321
1344636000 285
1344722400 270
1344808800 224
1344895200 178
1344981600 245
1345068000 222
1345154400 241
1345240800 192
1345327200 203
1345413600 198
1345500000 164
1345586400 193
1345672800 222
1345759200 237
1345845600 331
1345932000 255
1346018400 175
1346104800 175
1346191200 230
1346277600 278
1346364000 210
1346450400 200
1346536800 276
1346623200 181
1346709600 181
1346796000 173
1346882400 218
1346968800 298
1347055200 283
1347141600 271
1347228000 241
1347314400 187
1347400800 261
1347487200 315
1347573600 280
1347660000 366
1347746400 319
1347832800 217
1347919200 158
1348005600 197
1348092000 271
1348178400 276
1348264800 321
1348351200 291
1348437600 189
1348524000 144
1348610400 245
1348696800 285
1348783200 208
1348869600 266
1348956000 336
1349042400 189
1349128800 179
1349215200 251
1349301600 292
1349388000 292
1349474400 309
1349560800 268
1349647200 185
1349733600 175
1349820000 231
1349906400 267
1349992800 236
1350079200 273
1350165600 284
1350252000 171
1350338400 177
1350424800 230
1350511200 265
1350597600 257
1350684000 244
1350770400 313
1350856800 180
1350943200 193
1351029600 300
1351116000 270
1351202400 283
1351288800 229
1351375200 259
1351465200 131
1351551600 49
1351638000 70
1351724400 130
1351810800 133
1351897200 136
1351983600 121
1352070000 101
1352156400 100
1352242800 128
1352329200 110
1352415600 131
1352502000 177
1352588400 173
1352674800 148
1352761200 161
1352847600 235
1352934000 256
1353020400 251
1353106800 219
1353193200 250
1353279600 159
1353366000 140
1353452400 212
1353538800 193
1353625200 83
1353711600 172
1353798000 241
1353884400 181
1353970800 192
1354057200 204
1354143600 259
1354230000 383
1354316400 315
1354402800 257
1354489200 214
1354575600 182
1354662000 222
1354748400 267
1354834800 241
1354921200 228
1355007600 217
1355094000 164
1355180400 179
1355266800 253
1355353200 279
1355439600 272
1355526000 289
1355612400 270
1355698800 166
1355785200 149
1355871600 222
1355958000 184
1356044400 244
1356130800 219
1356217200 208
1356303600 139
1356390000 90
1356476400 46
1356562800 132
1356649200 191
1356735600 240
1356822000 206
1356908400 111
