1325458800 27
1325545200 21
1325631600 29
1325718000 24
1325804400 39
1325890800 73
1325977200 47
1326063600 24
1326150000 25
1326236400 51
1326322800 38
1326409200 45
1326495600 44
1326582000 34
1326668400 10
1326754800 24
1326841200 40
1326927600 44
1327014000 25
1327100400 38
1327186800 29
1327273200 26
1327359600 23
1327446000 39
1327532400 38
1327618800 28
1327705200 31
1327791600 44
1327878000 20
1327964400 15
1328050800 45
1328137200 57
1328223600 37
1328310000 36
1328396400 49
1328482800 16
1328569200 13
1328655600 44
1328742000 36
1328828400 40
1328914800 74
1329001200 42
1329087600 26
1329174000 20
1329260400 47
1329346800 46
1329433200 29
1329519600 37
1329606000 41
1329692400 35
1329778800 18
1329865200 30
1329951600 36
1330038000 39
1330124400 47
1330210800 35
1330297200 15
1330383600 21
1330470000 32
1330556400 25
1330642800 43
1330729200 34
1330815600 30
1330902000 24
1330988400 26
1331074800 33
1331161200 56
1331247600 50
1331334000 40
1331420400 40
1331506800 21
1331593200 27
1331679600 27
1331766000 33
1331852400 22
1331938800 22
1332025200 37
1332111600 43
1332198000 30
1332284400 35
1332370800 29
1332457200 39
1332543600 41
1332630000 28
1332712800 16
1332799200 20
1332885600 33
1332972000 36
1333058400 43
1333144800 29
1333231200 29
1333317600 17
1333404000 13
1333490400 30
1333576800 54
1333663200 35
1333749600 33
1333836000 52
1333922400 18
1334008800 19
1334095200 36
1334181600 33
1334268000 25
1334354400 39
1334440800 23
1334527200 33
1334613600 13
1334700000 34
1334786400 47
1334872800 33
1334959200 28
1335045600 27
1335132000 20
1335218400 21
1335304800 16
1335391200 30
1335477600 30
1335564000 39
1335650400 32
1335736800 11
1335823200 11
1335909600 17
1335996000 40
1336082400 41
1336168800 39
1336255200 44
1336341600 18
1336428000 30
1336514400 29
1336600800 46
1336687200 35
1336773600 25
1336860000 34
1336946400 19
1337032800 19
1337119200 30
1337205600 33
1337292000 25
1337378400 28
1337464800 16
1337551200 13
1337637600 14
1337724000 35
1337810400 27
1337896800 25
1337983200 22
1338069600 30
1338156000 13
1338242400 9
1338328800 30
1338415200 39
1338501600 33
1338588000 30
1338674400 34
1338760800 20
1338847200 7
1338933600 26
1339020000 27
1339106400 21
1339192800 21
1339279200 10
1339365600 28
1339452000 12
1339538400 21
1339624800 19
1339711200 25
1339797600 39
1339884000 29
1339970400 10
1340056800 12
1340143200 27
1340229600 32
1340316000 22
1340402400 24
1340488800 19
1340575200 15
1340661600 9
1340748000 15
1340834400 23
1340920800 21
1341007200 16
1341093600 15
1341180000 12
1341266400 11
1341352800 32
1341439200 22
1341525600 25
1341612000 25
1341698400 25
1341784800 14
1341871200 12
1341957600 22
1342044000 38
1342130400 30
1342216800 24
1342303200 31
1342389600 4
1342476000 8
1342562400 19
1342648800 20
1342735200 26
1342821600 16
1342908000 30
1342994400 15
1343080800 15
1343167200 20
1343253600 26
1343340000 32
1343426400 25
1343512800 29
1343599200 21
1343685600 9
1343772000 28
1343858400 30
1343944800 33
1344031200 23
1344117600 27
1344204000 16
1344290400 10
1344376800 20
1344463200 18
1344549600 35
1344636000 27
1344722400 30
1344808800 23
1344895200 12
1344981600 25
1345068000 31
1345154400 13
1345240800 24
1345327200 15
1345413600 17
1345500000 15
1345586400 22
1345672800 21
1345759200 20
1345845600 31
1345932000 19
1346018400 9
1346104800 8
1346191200 19
1346277600 22
1346364000 11
1346450400 18
1346536800 24
1346623200 15
1346709600 12
1346796000 11
1346882400 20
1346968800 34
1347055200 17
1347141600 29
1347228000 7
1347314400 12
1347400800 23
1347487200 26
1347573600 24
1347660000 30
1347746400 32
1347832800 15
1347919200 14
1348005600 28
1348092000 23
1348178400 27
1348264800 35
1348351200 26
1348437600 9
1348524000 6
1348610400 30
1348696800 23
1348783200 17
1348869600 23
1348956000 26
1349042400 13
1349128800 9
1349215200 27
1349301600 36
1349388000 33
1349474400 29
1349560800 17
1349647200 8
1349733600 13
1349820000 21
1349906400 28
1349992800 30
1350079200 25
1350165600 28
1350252000 16
1350338400 10
1350424800 23
1350511200 22
1350597600 25
1350684000 29
1350770400 30
1350856800 18
1350943200 22
1351029600 30
1351116000 23
1351202400 25
1351288800 14
1351375200 19
1351465200 16
1351551600 4
1351638000 2
1351724400 5
1351810800 6
1351897200 9
1351983600 10
1352070000 5
1352156400 6
1352242800 13
1352329200 3
1352415600 14
1352502000 18
1352588400 9
1352674800 7
1352761200 21
1352847600 17
1352934000 19
1353020400 21
1353106800 31
1353193200 31
1353279600 14
1353366000 5
1353452400 11
1353538800 24
1353625200 5
1353711600 18
1353798000 20
1353884400 16
1353970800 13
1354057200 10
1354143600 27
1354230000 42
1354316400 20
1354402800 20
1354489200 15
1354575600 12
1354662000 19
1354748400 19
1354834800 28
1354921200 18
1355007600 27
1355094000 13
1355180400 18
1355266800 29
1355353200 18
1355439600 29
1355526000 24
1355612400 20
1355698800 13
1355785200 8
1355871600 20
1355958000 19
1356044400 27
1356130800 12
1356217200 15
1356303600 9
1356390000 5
1356562800 14
1356649200 31
1356735600 18
1356822000 20
1356908400 8
