1467324000 515
1467410400 550
1467496800 388
1467583200 541
1467669600 606
1467756000 518
1467842400 539
1467928800 434
1468015200 419
1468101600 460
1468188000 569
1468274400 569
1468360800 653
1468447200 591
1468533600 616
1468620000 497
1468706400 528
1468792800 576
1468879200 670
1468965600 574
1469052000 667
1469138400 758
1469224800 670
1469311200 724
1469397600 846
1469484000 1017
1469570400 1017
1469656800 1087
1469743200 1021
1469829600 704
1469916000 784
1470002400 851
1470088800 1139
1470175200 989
1470261600 1160
1470348000 1023
1470434400 977
1470520800 870
1470607200 938
1470693600 966
1470780000 989
1470866400 938
1470952800 996
1471039200 963
1471125600 727
1471212000 786
1471298400 955
1471384800 1052
1471471200 875
1471557600 1080
1471644000 987
1471730400 1097
1471816800 949
1471903200 903
1471989600 928
1472076000 1110
1472162400 1076
1472248800 911
1472335200 910
1472421600 864
1472508000 935
1472594400 1108
1472680800 1258
1472767200 1050
1472853600 883
1472940000 897
1473026400 1090
1473112800 1078
1473199200 1237
1473285600 1220
1473372000 1240
1473458400 1293
1473544800 1089
1473631200 999
1473717600 1301
1473804000 1320
1473890400 1326
1473976800 1403
1474063200 1461
1474149600 1419
1474236000 1626
1474322400 1121
1474408800 1048
1474495200 981
1474581600 1064
1474668000 992
1474754400 1040
1474840800 1051
1474927200 2364
1475013600 1353
1475100000 1307
1475186400 1102
1475272800 1146
1475359200 1041
1475445600 1249
1475532000 1174
1475618400 1404
1475704800 1009
1475791200 1010
1475877600 1226
1475964000 1542
1476050400 2914
1476136800 1638
1476223200 1638
1476309600 1703
1476396000 1735
1476482400 1559
1476568800 1410
1476655200 1501
1476741600 1471
1476828000 1327
1476914400 2737
1477000800 763
1477087200 1836
1477173600 1686
1477260000 1748
1477346400 2073
1477432800 1937
1477519200 1752
1477605600 2231
1477692000 1639
1477778400 1743
1477868400 1773
1477954800 1709
1478041200 1889
1478127600 1770
1478214000 1982
1478300400 2161
1478386800 2482
1478473200 2849
1478559600 4694
1478646000 6026
1478732400 1521
1478818800 1521
1478905200 1172
1478991600 1140
1479078000 1299
1479164400 1018
1479250800 1005
1479337200 983
1479423600 1084
1479510000 972
1479596400 959
1479682800 880
1479769200 792
1479855600 776
1479942000 650
1480028400 672
1480114800 662
1480201200 779
1480287600 623
1480374000 728
1480460400 942
1480546800 824
1480633200 922
1480719600 664
1480806000 755
1480892400 679
1480978800 745
1481065200 895
1481151600 775
1481238000 771
1481324400 709
1481410800 763
1481497200 724
1481583600 776
1481670000 775
1481756400 733
1481842800 712
1481929200 688
1482015600 786
1482102000 952
1482188400 856
1482274800 693
1482361200 683
1482447600 631
1482534000 593
1482620400 470
1482706800 462
1482793200 629
1482879600 775
1482966000 674
1483052400 649
1483138800 664
1483225200 830
1483311600 666
1483398000 766
1483484400 715
1483570800 744
1483657200 764
1483743600 749
1483830000 756
1483916400 1056
1484002800 878
1484089200 997
1484175600 900
1484262000 902
1484348400 978
1484434800 958
1484521200 949
1484607600 1126
1484694000 1203
1484780400 1599
1484866800 3509
1484953200 1720
1485039600 1296
1485126000 1131
1485212400 1398
1485298800 1610
1485385200 1368
1485471600 1147
1485558000 1129
1485644400 1524
1485730800 1456
1485817200 1334
