1467324000 211
1467410400 201
1467496800 221
1467583200 231
1467669600 356
1467756000 376
1467842400 260
1467928800 161
1468015200 218
1468101600 169
1468188000 124
1468274400 281
1468360800 242
1468447200 239
1468533600 208
1468620000 319
1468706400 201
1468792800 262
1468879200 383
1468965600 388
1469052000 373
1469138400 560
1469224800 693
1469311200 349
1469397600 429
1469484000 1012
1469570400 1232
1469656800 926
1469743200 4597
1469829600 789
1469916000 460
1470002400 435
1470088800 431
1470175200 372
1470261600 353
1470348000 378
1470434400 343
1470520800 330
1470607200 294
1470693600 363
1470780000 330
1470866400 285
1470952800 274
1471039200 327
1471125600 264
1471212000 282
1471298400 314
1471384800 276
1471471200 293
1471557600 289
1471644000 311
1471730400 301
1471816800 343
1471903200 318
1471989600 358
1472076000 342
1472162400 322
1472248800 255
1472335200 269
1472421600 252
1472508000 298
1472594400 318
1472680800 302
1472767200 424
1472853600 338
1472940000 314
1473026400 371
1473112800 371
1473199200 388
1473285600 494
1473372000 366
1473458400 355
1473544800 328
1473631200 582
1473717600 452
1473804000 442
1473890400 361
1473976800 473
1474063200 414
1474149600 476
1474236000 448
1474322400 351
1474408800 335
1474495200 329
1474581600 318
1474668000 402
1474754400 405
1474840800 443
1474927200 3587
1475013600 624
1475100000 635
1475186400 425
1475272800 483
1475359200 490
1475445600 489
1475532000 529
1475618400 637
1475704800 383
1475791200 443
1475877600 858
1475964000 545
1476050400 1800
1476136800 617
1476223200 697
1476309600 678
1476396000 688
1476482400 575
1476568800 611
1476655200 549
1476741600 872
1476828000 618
1476914400 2469
1477000800 327
1477087200 670
1477173600 638
1477260000 520
1477346400 555
1477432800 637
1477519200 1204
1477605600 883
1477692000 746
1477778400 764
1477868400 986
1477954800 1008
1478041200 983
1478127600 876
1478214000 5071
1478300400 8543
1478386800 1732
1478473200 2424
1478559600 6319
1478646000 4257
1478732400 452
1478818800 198
1478905200 111
1478991600 113
1479078000 103
1479164400 87
1479250800 76
1479337200 106
1479423600 59
1479510000 69
1479596400 62
1479682800 30
1479769200 44
1479855600 51
1479942000 65
1480028400 24
1480114800 35
1480201200 41
1480287600 33
1480374000 28
1480460400 24
1480546800 28
1480633200 32
1480719600 36
1480806000 53
1480892400 42
1480978800 37
1481065200 23
1481151600 32
1481238000 24
1481324400 22
1481410800 14
1481497200 22
1481583600 34
1481670000 16
1481756400 29
1481842800 21
1481929200 26
1482015600 20
1482102000 38
1482188400 32
1482274800 12
1482361200 19
1482447600 17
1482534000 5
1482620400 8
1482706800 13
1482793200 17
1482879600 12
1482966000 19
1483052400 13
1483138800 23
1483225200 8
1483311600 15
1483398000 17
1483484400 24
1483570800 21
1483657200 20
1483743600 26
1483830000 20
1483916400 22
1484002800 11
1484089200 27
1484175600 12
1484262000 5
1484348400 13
1484434800 18
1484521200 13
1484607600 16
1484694000 14
1484780400 8
1484866800 32
1484953200 80
1485039600 51
1485126000 20
1485212400 15
1485298800 103
1485385200 126
1485471600 49
1485558000 27
1485644400 48
1485730800 33
1485817200 61
