1357081200 19
1357167600 19
1357254000 15
1357340400 24
1357426800 23
1357513200 14
1357599600 16
1357686000 23
1357772400 24
1357858800 28
1357945200 25
1358031600 20
1358118000 22
1358204400 11
1358290800 25
1358377200 18
1358463600 32
1358550000 19
1358636400 28
1358722800 15
1358809200 10
1358895600 19
1358982000 17
1359068400 11
1359154800 26
1359241200 18
1359327600 3
1359414000 3
1359500400 27
1359586800 23
1359673200 14
1359759600 21
1359846000 33
1359932400 6
1360018800 18
1360105200 18
1360191600 16
1360278000 28
1360364400 13
1360450800 11
1360537200 15
1360623600 10
1360710000 20
1360796400 23
1360882800 13
1360969200 30
1361055600 19
1361142000 17
1361228400 19
1361314800 18
1361401200 28
1361487600 19
1361574000 14
1361660400 13
1361746800 7
1361833200 14
1361919600 13
1362006000 31
1362092400 15
1362178800 23
1362265200 18
1362351600 17
1362438000 5
1362524400 20
1362610800 13
1362697200 25
1362783600 19
1362870000 14
1362956400 6
1363042800 13
1363129200 12
1363215600 30
1363302000 5
1363388400 12
1363474800 6
1363561200 5
1363647600 17
1363734000 16
1363820400 22
1363906800 15
1363993200 22
1364079600 11
1364166000 6
1364252400 15
1364338800 16
1364425200 21
1364511600 8
1364598000 7
1364684400 16
1364767200 5
1364853600 12
1364940000 6
1365026400 17
1365112800 19
1365199200 11
1365285600 20
1365372000 14
1365458400 14
1365544800 20
1365631200 17
1365717600 25
1365804000 18
1365890400 11
1365976800 13
1366063200 4
1366149600 27
1366236000 37
1366322400 26
1366408800 14
1366495200 16
1366581600 10
1366668000 18
1366754400 10
1366840800 14
1366927200 10
1367013600 23
1367100000 12
1367186400 5
1367272800 3
1367359200 16
1367445600 22
1367532000 18
1367618400 19
1367704800 16
1367791200 6
1367877600 13
1367964000 12
1368050400 15
1368136800 11
1368223200 10
1368309600 10
1368396000 10
1368482400 5
1368568800 20
1368655200 24
1368741600 11
1368828000 28
1368914400 11
1369000800 8
1369087200 13
1369173600 16
1369260000 11
1369346400 9
1369432800 25
1369519200 13
1369605600 8
1369692000 14
1369778400 14
1369864800 24
1369951200 8
1370037600 13
1370124000 13
1370210400 14
1370296800 10
1370383200 32
1370469600 16
1370556000 22
1370642400 9
1370728800 12
1370815200 10
1370901600 7
1370988000 15
1371074400 22
1371160800 7
1371247200 7
1371333600 18
1371420000 10
1371506400 6
1371592800 10
1371679200 19
1371765600 19
1371852000 13
1371938400 12
1372024800 5
1372111200 8
1372197600 11
1372284000 20
1372370400 13
1372456800 6
1372543200 6
1372629600 2
1372716000 7
1372802400 14
1372888800 14
1372975200 8
1373061600 16
1373148000 11
1373234400 11
1373320800 4
1373407200 18
1373493600 14
1373580000 15
1373666400 11
1373752800 12
1373839200 9
1373925600 9
1374012000 11
1374098400 11
1374184800 11
1374271200 11
1374357600 8
1374444000 10
1374530400 8
1374616800 12
1374703200 9
1374789600 9
1374876000 12
1374962400 12
1375048800 10
1375135200 9
1375221600 9
1375308000 6
1375394400 10
1375480800 5
1375567200 12
1375653600 6
1375740000 8
1375826400 7
1375912800 11
1375999200 19
1376085600 7
1376172000 10
1376258400 6
1376344800 4
1376431200 6
1376517600 7
1376604000 12
1376690400 6
1376776800 8
1376949600 2
1377036000 9
1377122400 4
1377208800 5
1377295200 5
1377381600 7
1377468000 7
1377640800 3
1377727200 4
1377813600 10
1377900000 3
1378072800 2
1378159200 6
1378245600 8
1378332000 16
1378418400 5
1378504800 7
1378591200 4
1378677600 2
1378764000 5
1378850400 7
1378936800 5
1379023200 11
1379109600 4
1379196000 7
1379282400 3
1379368800 7
1379455200 10
1379541600 14
1379628000 10
1379714400 11
1379800800 3
1379887200 6
1379973600 9
1380060000 16
1380146400 9
1380232800 14
1380319200 13
1380405600 9
1380492000 5
1380578400 1
1380664800 9
1380751200 20
1380837600 11
1380924000 10
1381010400 8
1381096800 7
1381183200 2
1381269600 6
1381356000 4
1381442400 4
1381528800 8
1381615200 7
1381701600 4
1381788000 4
1381874400 3
1381960800 1
1382047200 10
1382133600 3
1382220000 3
1382306400 5
1382392800 8
1382479200 1
1382565600 6
1382652000 7
1382738400 9
1382824800 11
1382914800 4
1383001200 10
1383087600 8
1383174000 6
1383260400 5
1383346800 4
1383433200 7
1383519600 4
1383606000 3
1383692400 8
1383778800 9
1383865200 6
1383951600 9
1384038000 5
1384124400 2
1384210800 16
1384297200 7
1384383600 4
1384470000 7
1384556400 8
1384642800 6
1384729200 4
1384815600 9
1384902000 7
1384988400 4
1385074800 8
1385161200 9
1385247600 5
1385334000 7
1385506800 3
1385593200 9
1385679600 1
1385766000 7
1385852400 4
1385938800 2
1386025200 9
1386111600 6
1386198000 9
1386284400 4
1386370800 6
1386457200 5
1386543600 2
1386630000 6
1386716400 4
1386802800 4
1386889200 1
1386975600 3
1387062000 2
1387148400 3
1387234800 4
1387321200 4
1387407600 5
1387494000 1
1387580400 8
1387666800 5
1387753200 2
1387839600 3
1387926000 5
1388012400 1
1388098800 4
1388185200 4
1388271600 7
1388358000 4
1388444400 8
