1357081200 331
1357167600 422
1357254000 415
1357340400 408
1357426800 470
1357513200 336
1357599600 317
1357686000 497
1357772400 540
1357858800 489
1357945200 500
1358031600 504
1358118000 383
1358204400 314
1358290800 471
1358377200 449
1358463600 553
1358550000 536
1358636400 505
1358722800 421
1358809200 372
1358895600 348
1358982000 391
1359068400 412
1359154800 392
1359241200 484
1359327600 370
1359414000 351
1359500400 572
1359586800 543
1359673200 420
1359759600 452
1359846000 546
1359932400 310
1360018800 306
1360105200 476
1360191600 500
1360278000 490
1360364400 300
1360450800 363
1360537200 404
1360623600 352
1360710000 553
1360796400 509
1360882800 483
1360969200 697
1361055600 528
1361142000 436
1361228400 398
1361314800 447
1361401200 449
1361487600 521
1361574000 594
1361660400 552
1361746800 480
1361833200 443
1361919600 507
1362006000 513
1362092400 552
1362178800 613
1362265200 606
1362351600 428
1362438000 300
1362524400 390
1362610800 406
1362697200 409
1362783600 457
1362870000 464
1362956400 312
1363042800 343
1363129200 295
1363215600 396
1363302000 285
1363388400 322
1363474800 264
1363561200 227
1363647600 174
1363734000 256
1363820400 327
1363906800 259
1363993200 303
1364079600 308
1364166000 205
1364252400 175
1364338800 318
1364425200 318
1364511600 258
1364598000 302
1364684400 288
1364767200 153
1364853600 202
1364940000 234
1365026400 268
1365112800 286
1365199200 313
1365285600 303
1365372000 251
1365458400 199
1365544800 303
1365631200 290
1365717600 354
1365804000 275
1365890400 316
1365976800 296
1366063200 217
1366149600 340
1366236000 362
1366322400 374
1366408800 301
1366495200 346
1366581600 220
1366668000 223
1366754400 326
1366840800 298
1366927200 303
1367013600 346
1367100000 292
1367186400 238
1367272800 147
1367359200 362
1367445600 317
1367532000 298
1367618400 393
1367704800 293
1367791200 290
1367877600 238
1367964000 306
1368050400 296
1368136800 355
1368223200 348
1368309600 252
1368396000 211
1368482400 199
1368568800 282
1368655200 316
1368741600 321
1368828000 365
1368914400 275
1369000800 235
1369087200 188
1369173600 304
1369260000 269
1369346400 279
1369432800 276
1369519200 265
1369605600 246
1369692000 166
1369778400 223
1369864800 295
1369951200 233
1370037600 302
1370124000 227
1370210400 219
1370296800 159
1370383200 260
1370469600 281
1370556000 302
1370642400 157
1370728800 237
1370815200 230
1370901600 135
1370988000 264
1371074400 242
1371160800 179
1371247200 236
1371333600 275
1371420000 189
1371506400 162
1371592800 216
1371679200 280
1371765600 236
1371852000 186
1371938400 248
1372024800 199
1372111200 172
1372197600 210
1372284000 241
1372370400 194
1372456800 186
1372543200 215
1372629600 125
1372716000 112
1372802400 213
1372888800 194
1372975200 157
1373061600 176
1373148000 152
1373234400 152
1373320800 94
1373407200 197
1373493600 167
1373580000 186
1373666400 154
1373752800 115
1373839200 83
1373925600 72
1374012000 126
1374098400 173
1374184800 120
1374271200 138
1374357600 120
1374444000 97
1374530400 80
1374616800 166
1374703200 141
1374789600 144
1374876000 120
1374962400 122
1375048800 94
1375135200 57
1375221600 160
1375308000 131
1375394400 94
1375480800 92
1375567200 124
1375653600 111
1375740000 77
1375826400 135
1375912800 126
1375999200 136
1376085600 117
1376172000 125
1376258400 73
1376344800 38
1376431200 50
1376517600 66
1376604000 95
1376690400 73
1376776800 61
1376863200 48
1376949600 23
1377036000 54
1377122400 50
1377208800 60
1377295200 41
1377381600 43
1377468000 29
1377554400 29
1377640800 49
1377727200 43
1377813600 48
1377900000 50
1377986400 39
1378072800 27
1378159200 15
1378245600 49
1378332000 81
1378418400 44
1378504800 50
1378591200 39
1378677600 27
1378764000 38
1378850400 41
1378936800 57
1379023200 44
1379109600 47
1379196000 35
1379282400 21
1379368800 42
1379455200 57
1379541600 62
1379628000 49
1379714400 50
1379800800 40
1379887200 14
1379973600 44
1380060000 52
1380146400 47
1380232800 67
1380319200 52
1380405600 38
1380492000 25
1380578400 42
1380664800 62
1380751200 80
1380837600 67
1380924000 51
1381010400 57
1381096800 38
1381183200 30
1381269600 47
1381356000 50
1381442400 44
1381528800 49
1381615200 48
1381701600 39
1381788000 18
1381874400 69
1381960800 60
1382047200 45
1382133600 46
1382220000 61
1382306400 47
1382392800 39
1382479200 62
1382565600 67
1382652000 70
1382738400 57
1382824800 48
1382914800 29
1383001200 44
1383087600 50
1383174000 44
1383260400 38
1383346800 41
1383433200 23
1383519600 36
1383606000 44
1383692400 57
1383778800 66
1383865200 54
1383951600 76
1384038000 49
1384124400 23
1384210800 52
1384297200 46
1384383600 56
1384470000 52
1384556400 59
1384642800 42
1384729200 42
1384815600 51
1384902000 66
1384988400 56
1385074800 51
1385161200 45
1385247600 45
1385334000 42
1385420400 33
1385506800 18
1385593200 26
1385679600 15
1385766000 44
1385852400 36
1385938800 23
1386025200 37
1386111600 58
1386198000 62
1386284400 74
1386370800 40
1386457200 44
1386543600 28
1386630000 43
1386716400 38
1386802800 54
1386889200 44
1386975600 35
1387062000 35
1387148400 21
1387234800 28
1387321200 39
1387407600 38
1387494000 26
1387580400 46
1387666800 55
1387753200 29
1387839600 29
1387926000 31
1388012400 13
1388098800 38
1388185200 43
1388271600 45
1388358000 24
1388444400 25
