1230850800 201
1230937200 536
1231023600 579
1231110000 282
1231196400 221
1231282800 385
1231369200 411
1231455600 503
1231542000 654
1231628400 423
1231714800 237
1231801200 412
1231887600 578
1231974000 494
1232060400 411
1232146800 436
1232233200 458
1232319600 266
1232406000 229
1232492400 601
1232578800 540
1232665200 616
1232751600 621
1232838000 507
1232924400 390
1233010800 277
1233097200 538
1233183600 353
1233270000 528
1233356400 528
1233442800 553
1233529200 287
1233615600 296
1233702000 303
1233788400 454
1233874800 394
1233961200 455
1234047600 386
1234134000 299
1234220400 333
1234306800 599
1234393200 697
1234479600 533
1234566000 578
1234652400 418
1234738800 263
1234825200 302
1234911600 546
1234998000 449
1235084400 404
1235170800 568
1235257200 543
1235343600 344
1235430000 284
1235516400 495
1235602800 551
1235689200 475
1235775600 628
1235862000 566
1235948400 269
1236034800 143
1236121200 260
1236207600 417
1236294000 489
1236380400 646
1236466800 548
1236553200 350
1236639600 195
1236726000 444
1236812400 529
1236898800 496
1236985200 458
1237071600 397
1237158000 274
1237244400 261
1237330800 388
1237417200 497
1237503600 482
1237590000 478
1237676400 486
1237762800 307
1237849200 271
1237935600 442
1238022000 499
1238108400 408
1238194800 513
1238281200 465
1238364000 350
1238450400 263
1238536800 476
1238623200 394
1238709600 438
1238796000 509
1238882400 446
1238968800 308
1239055200 187
1239141600 485
1239228000 459
1239314400 584
1239400800 487
1239487200 352
1239573600 209
1239660000 282
1239746400 387
1239832800 339
1239919200 420
1240005600 400
1240092000 413
1240178400 307
1240264800 312
1240351200 491
1240437600 528
1240524000 498
1240610400 511
1240696800 372
1240783200 264
1240869600 300
1240956000 383
1241042400 426
1241128800 489
1241215200 406
1241301600 398
1241388000 314
1241474400 180
1241560800 382
1241647200 351
1241733600 484
1241820000 557
1241906400 394
1241992800 289
1242079200 210
1242165600 396
1242252000 398
1242338400 334
1242424800 408
1242511200 312
1242597600 210
1242684000 175
1242770400 464
1242856800 432
1242943200 351
1243029600 416
1243116000 311
1243202400 373
1243288800 197
1243375200 416
1243461600 421
1243548000 421
1243634400 463
1243720800 297
1243807200 200
1243893600 191
1243980000 391
1244066400 422
1244152800 275
1244239200 275
1244325600 299
1244412000 204
1244498400 210
1244584800 327
1244671200 442
1244757600 381
1244844000 400
1244930400 354
1245016800 143
1245103200 191
1245189600 369
1245276000 454
1245362400 259
1245448800 383
1245535200 247
1245621600 132
1245708000 226
1245794400 476
1245880800 389
1245967200 355
1246053600 365
1246140000 299
1246226400 214
1246312800 241
1246399200 491
1246485600 427
1246572000 337
1246658400 380
1246744800 270
1246831200 214
1246917600 166
1247004000 355
1247090400 412
1247176800 430
1247263200 319
1247349600 289
1247436000 159
1247522400 184
1247608800 381
1247695200 337
1247781600 309
1247868000 282
1247954400 265
1248040800 261
1248127200 205
1248213600 319
1248300000 439
1248386400 302
1248472800 357
1248559200 355
1248645600 239
1248732000 182
1248818400 386
1248904800 400
1248991200 454
1249077600 386
1249164000 259
1249250400 182
1249336800 150
1249423200 338
1249509600 393
1249596000 381
1249682400 327
1249768800 298
1249855200 187
1249941600 197
1250028000 360
1250114400 370
1250200800 375
1250287200 385
1250373600 386
1250460000 268
1250546400 206
1250632800 323
1250719200 431
1250805600 499
1250892000 377
1250978400 312
1251064800 198
1251151200 259
1251237600 366
1251324000 430
1251410400 444
1251496800 403
1251583200 399
1251669600 249
1251756000 414
1251842400 393
1251928800 354
1252015200 368
1252101600 315
1252188000 294
1252274400 246
1252360800 233
1252447200 285
1252533600 338
1252620000 352
1252706400 231
1252792800 255
1252879200 247
1252965600 123
1253052000 221
1253138400 439
1253224800 405
1253311200 377
1253397600 284
1253484000 152
1253570400 234
1253656800 451
1253743200 385
1253829600 376
1253916000 461
1254002400 436
1254088800 306
1254175200 264
1254261600 393
1254348000 626
1254434400 409
1254520800 379
1254607200 313
1254693600 299
1254780000 231
1254866400 423
1254952800 484
1255039200 432
1255125600 368
1255212000 370
1255298400 307
1255384800 217
1255471200 375
1255557600 444
1255644000 316
1255730400 428
1255816800 365
1255903200 193
1255989600 211
1256076000 407
1256162400 440
1256248800 411
1256335200 444
1256421600 326
1256511600 248
1256598000 179
1256684400 332
1256770800 350
1256857200 575
1256943600 700
1257030000 735
1257116400 374
1257202800 230
1257289200 267
1257375600 454
1257462000 391
1257548400 367
1257634800 469
1257721200 276
1257807600 282
1257894000 569
1257980400 473
1258066800 390
1258153200 514
1258239600 314
1258326000 231
1258412400 197
1258498800 367
1258585200 424
1258671600 376
1258758000 374
1258844400 382
1258930800 229
1259017200 172
1259103600 448
1259190000 319
1259276400 105
1259362800 332
1259449200 465
1259535600 283
1259622000 237
1259708400 371
1259794800 386
1259881200 394
1259967600 422
1260054000 253
1260140400 200
1260226800 222
1260313200 368
1260399600 353
1260486000 394
1260572400 383
1260658800 397
1260745200 194
1260831600 186
1260918000 440
1261004400 360
1261090800 337
1261177200 390
1261263600 188
1261350000 60
1261436400 142
1261522800 298
1261609200 314
1261695600 130
1261782000 64
1261868400 174
1261954800 204
1262041200 228
1262127600 402
1262214000 402
