1230850800 17
1230937200 16
1231023600 31
1231110000 19
1231196400 15
1231282800 25
1231369200 41
1231455600 26
1231542000 56
1231628400 15
1231714800 27
1231801200 8
1231887600 33
1231974000 35
1232060400 18
1232146800 33
1232233200 29
1232319600 9
1232406000 9
1232492400 32
1232578800 20
1232665200 34
1232751600 34
1232838000 17
1232924400 6
1233010800 20
1233097200 30
1233183600 18
1233270000 31
1233356400 28
1233442800 19
1233529200 16
1233615600 17
1233702000 15
1233788400 37
1233874800 32
1233961200 31
1234047600 28
1234134000 12
1234220400 17
1234306800 26
1234393200 37
1234479600 33
1234566000 31
1234652400 22
1234738800 19
1234825200 12
1234911600 33
1234998000 18
1235084400 26
1235170800 23
1235257200 43
1235343600 17
1235430000 19
1235516400 22
1235602800 31
1235689200 27
1235775600 22
1235862000 23
1235948400 13
1236034800 6
1236121200 20
1236207600 22
1236294000 32
1236380400 29
1236466800 32
1236553200 22
1236639600 13
1236726000 17
1236812400 24
1236898800 25
1236985200 19
1237071600 23
1237158000 23
1237244400 19
1237330800 22
1237417200 32
1237503600 32
1237590000 40
1237676400 32
1237762800 21
1237849200 14
1237935600 25
1238022000 37
1238108400 23
1238194800 34
1238281200 34
1238364000 11
1238450400 10
1238536800 24
1238623200 38
1238709600 41
1238796000 35
1238882400 38
1238968800 21
1239055200 11
1239141600 25
1239228000 36
1239314400 44
1239400800 25
1239487200 20
1239573600 22
1239660000 11
1239746400 21
1239832800 21
1239919200 21
1240005600 27
1240092000 23
1240178400 14
1240264800 11
1240351200 19
1240437600 29
1240524000 23
1240610400 16
1240696800 9
1240783200 13
1240869600 16
1240956000 21
1241042400 26
1241128800 20
1241215200 11
1241301600 31
1241388000 11
1241474400 10
1241560800 21
1241647200 30
1241733600 20
1241820000 30
1241906400 26
1241992800 17
1242079200 9
1242165600 30
1242252000 40
1242338400 23
1242424800 18
1242511200 23
1242597600 18
1242684000 12
1242770400 33
1242856800 25
1242943200 22
1243029600 24
1243116000 22
1243202400 27
1243288800 10
1243375200 36
1243461600 22
1243548000 26
1243634400 23
1243720800 12
1243807200 14
1243893600 12
1243980000 38
1244066400 43
1244152800 32
1244239200 31
1244325600 25
1244412000 15
1244498400 12
1244584800 27
1244671200 29
1244757600 33
1244844000 30
1244930400 23
1245016800 10
1245103200 12
1245189600 32
1245276000 34
1245362400 21
1245448800 27
1245535200 23
1245621600 7
1245708000 15
1245794400 30
1245880800 19
1245967200 28
1246053600 36
1246140000 22
1246226400 13
1246312800 14
1246399200 18
1246485600 30
1246572000 32
1246658400 29
1246744800 23
1246831200 9
1246917600 6
1247004000 21
1247090400 24
1247176800 36
1247263200 27
1247349600 25
1247436000 7
1247522400 18
1247608800 27
1247695200 37
1247781600 20
1247868000 25
1247954400 20
1248040800 26
1248127200 14
1248213600 25
1248300000 37
1248386400 17
1248472800 23
1248559200 32
1248645600 14
1248732000 8
1248818400 12
1248904800 25
1248991200 18
1249077600 21
1249164000 18
1249250400 21
1249336800 13
1249423200 22
1249509600 24
1249596000 21
1249682400 27
1249768800 16
1249855200 17
1249941600 13
1250028000 29
1250114400 31
1250200800 28
1250287200 23
1250373600 29
1250460000 12
1250546400 6
1250632800 29
1250719200 30
1250805600 50
1250892000 19
1250978400 24
1251064800 7
1251151200 9
1251237600 38
1251324000 23
1251410400 29
1251496800 21
1251583200 24
1251669600 20
1251756000 12
1251842400 23
1251928800 28
1252015200 16
1252101600 21
1252188000 33
1252274400 19
1252360800 16
1252447200 22
1252533600 22
1252620000 30
1252706400 8
1252792800 13
1252879200 16
1252965600 4
1253052000 11
1253138400 32
1253224800 22
1253311200 41
1253397600 17
1253484000 6
1253570400 2
1253656800 25
1253743200 28
1253829600 27
1253916000 23
1254002400 25
1254088800 8
1254175200 3
1254261600 22
1254348000 36
1254434400 28
1254520800 11
1254607200 20
1254693600 24
1254780000 10
1254866400 24
1254952800 35
1255039200 28
1255125600 16
1255212000 17
1255298400 10
1255384800 18
1255471200 27
1255557600 31
1255644000 17
1255730400 24
1255816800 27
1255903200 8
1255989600 7
1256076000 28
1256162400 37
1256248800 27
1256335200 34
1256421600 15
1256511600 26
1256598000 4
1256684400 23
1256770800 22
1256857200 19
1256943600 36
1257030000 41
1257116400 23
1257202800 7
1257289200 12
1257375600 32
1257462000 23
1257548400 26
1257634800 48
1257721200 25
1257807600 16
1257894000 34
1257980400 30
1258066800 11
1258153200 36
1258239600 30
1258326000 13
1258412400 9
1258498800 28
1258585200 31
1258671600 30
1258758000 24
1258844400 32
1258930800 16
1259017200 17
1259103600 28
1259190000 16
1259276400 11
1259362800 23
1259449200 24
1259535600 15
1259622000 9
1259708400 13
1259794800 31
1259881200 24
1259967600 24
1260054000 24
1260140400 14
1260226800 18
1260313200 36
1260399600 20
1260486000 30
1260572400 18
1260658800 34
1260745200 13
1260831600 10
1260918000 35
1261004400 24
1261090800 22
1261177200 31
1261263600 9
1261350000 5
1261436400 9
1261522800 17
1261609200 25
1261695600 12
1261782000 10
1261868400 4
1261954800 12
1262041200 17
1262127600 21
1262214000 27
