1293922800 116
1294009200 56
1294095600 67
1294182000 136
1294268400 183
1294354800 160
1294441200 165
1294527600 158
1294614000 93
1294700400 77
1294786800 108
1294873200 94
1294959600 191
1295046000 134
1295132400 178
1295218800 82
1295305200 118
1295391600 133
1295478000 192
1295564400 159
1295650800 175
1295737200 178
1295823600 90
1295910000 71
1295996400 168
1296082800 102
1296169200 82
1296255600 145
1296342000 113
1296428400 91
1296514800 59
1296601200 127
1296687600 172
1296774000 177
1296860400 181
1296946800 162
1297033200 87
1297119600 87
1297206000 155
1297292400 162
1297378800 179
1297465200 201
1297551600 192
1297638000 100
1297724400 93
1297810800 158
1297897200 176
1297983600 148
1298070000 168
1298156400 110
1298242800 80
1298329200 82
1298415600 170
1298502000 139
1298588400 120
1298674800 143
1298761200 145
1298847600 86
1298934000 81
1299020400 165
1299106800 167
1299193200 150
1299279600 189
1299366000 169
1299452400 92
1299538800 74
1299625200 169
1299711600 154
1299798000 105
1299884400 163
1299970800 187
1300057200 84
1300143600 109
1300230000 146
1300316400 147
1300402800 128
1300489200 108
1300575600 136
1300662000 92
1300748400 83
1300834800 141
1300921200 110
1301007600 141
1301094000 183
1301180400 125
1301263200 85
1301349600 72
1301436000 121
1301522400 148
1301608800 124
1301695200 137
1301781600 138
1301868000 107
1301954400 104
1302040800 161
1302127200 156
1302213600 183
1302300000 166
1302386400 142
1302472800 89
1302559200 95
1302645600 120
1302732000 152
1302818400 178
1302904800 175
1302991200 130
1303077600 71
1303164000 82
1303250400 117
1303336800 172
1303423200 126
1303509600 155
1303596000 111
1303682400 46
1303768800 70
1303855200 130
1303941600 155
1304028000 127
1304114400 125
1304200800 97
1304287200 68
1304373600 84
1304460000 140
1304546400 147
1304632800 136
1304719200 138
1304805600 117
1304892000 67
1304978400 84
1305064800 121
1305151200 172
1305237600 150
1305324000 195
1305410400 122
1305496800 71
1305583200 102
1305669600 129
1305756000 121
1305842400 130
1305928800 175
1306015200 139
1306101600 98
1306188000 73
1306274400 155
1306360800 119
1306447200 111
1306533600 113
1306620000 96
1306706400 64
1306792800 64
1306879200 88
1306965600 145
1307052000 125
1307138400 131
1307224800 100
1307311200 77
1307397600 67
1307484000 130
1307570400 136
1307656800 109
1307743200 131
1307829600 129
1307916000 112
1308002400 101
1308088800 104
1308175200 125
1308261600 129
1308348000 99
1308434400 128
1308520800 67
1308607200 66
1308693600 130
1308780000 122
1308866400 117
1308952800 111
1309039200 131
1309125600 77
1309212000 66
1309298400 117
1309384800 95
1309471200 129
1309557600 124
1309644000 111
1309730400 77
1309816800 70
1309903200 123
1309989600 111
1310076000 122
1310162400 131
1310248800 130
1310335200 87
1310421600 73
1310508000 122
1310594400 132
1310680800 143
1310767200 122
1310853600 124
1310940000 58
1311026400 63
1311112800 92
1311199200 124
1311285600 114
1311372000 102
1311458400 86
1311544800 61
1311631200 55
1311717600 111
1311804000 99
1311890400 119
1311976800 87
1312063200 95
1312149600 77
1312236000 73
1312322400 113
1312408800 96
1312495200 133
1312581600 134
1312668000 86
1312754400 77
1312840800 59
1312927200 107
1313013600 151
1313100000 127
1313186400 130
1313272800 102
1313359200 53
1313445600 59
1313532000 123
1313618400 125
1313704800 116
1313791200 135
1313877600 101
1313964000 61
1314050400 64
1314136800 127
1314223200 132
1314309600 120
1314396000 133
1314482400 52
1314568800 35
1314655200 40
1314741600 89
1314828000 109
1314914400 93
1315000800 100
1315087200 116
1315173600 66
1315260000 62
1315346400 64
1315432800 88
1315519200 89
1315605600 122
1315692000 103
1315778400 55
1315864800 40
1315951200 102
1316037600 113
1316124000 102
1316210400 98
1316296800 84
1316383200 55
1316469600 68
1316556000 120
1316642400 105
1316728800 131
1316815200 96
1316901600 97
1316988000 65
1317074400 61
1317160800 104
1317247200 114
1317333600 102
1317420000 95
1317506400 100
1317592800 62
1317679200 74
1317765600 109
1317852000 137
1317938400 92
1318024800 117
1318111200 141
1318197600 62
1318284000 70
1318370400 126
1318456800 110
1318543200 114
1318629600 68
1318716000 63
1318802400 76
1318888800 74
1318975200 102
1319061600 104
1319148000 127
1319234400 147
1319320800 120
1319407200 65
1319493600 57
1319580000 113
1319666400 123
1319752800 91
1319839200 108
1319925600 87
1320015600 68
1320102000 66
1320188400 129
1320274800 141
1320361200 131
1320447600 147
1320534000 118
1320620400 86
1320706800 66
1320793200 134
1320879600 158
1320966000 156
1321052400 125
1321138800 138
1321225200 54
1321311600 63
1321398000 103
1321484400 127
1321570800 85
1321657200 132
1321743600 108
1321830000 71
1321916400 75
1322002800 70
1322089200 103
1322175600 24
1322262000 111
1322348400 108
1322434800 99
1322521200 65
1322607600 104
1322694000 112
1322780400 131
1322866800 141
1322953200 124
1323039600 80
1323126000 77
1323212400 105
1323298800 98
1323385200 153
1323471600 119
1323558000 97
1323644400 61
1323730800 93
1323817200 119
1323903600 127
1323990000 164
1324076400 147
1324162800 141
1324249200 61
1324335600 46
1324422000 124
1324508400 94
1324594800 100
1324681200 95
1324767600 36
1324854000 21
1324940400 49
1325026800 84
1325113200 113
1325199600 110
1325286000 97
