1293922800 1237
1294009200 880
1294095600 744
1294182000 1616
1294268400 2157
1294354800 2291
1294441200 2322
1294527600 1882
1294614000 1195
1294700400 1304
1294786800 1781
1294873200 1634
1294959600 2293
1295046000 2592
1295132400 2471
1295218800 1752
1295305200 1680
1295391600 1799
1295478000 2591
1295564400 2624
1295650800 2556
1295737200 2481
1295823600 1532
1295910000 1420
1295996400 2322
1296082800 1757
1296169200 1654
1296255600 2332
1296342000 2479
1296428400 1697
1296514800 1375
1296601200 1587
1296687600 2134
1296774000 2531
1296860400 2761
1296946800 2409
1297033200 1637
1297119600 1527
1297206000 2063
1297292400 2399
1297378800 2352
1297465200 3248
1297551600 2659
1297638000 1832
1297724400 1498
1297810800 2143
1297897200 2474
1297983600 2374
1298070000 2800
1298156400 2178
1298242800 1846
1298329200 1537
1298415600 1987
1298502000 2183
1298588400 2219
1298674800 2268
1298761200 2522
1298847600 1986
1298934000 1671
1299020400 1993
1299106800 2206
1299193200 2192
1299279600 2640
1299366000 2361
1299452400 1330
1299538800 1422
1299625200 2322
1299711600 2291
1299798000 1776
1299884400 2621
1299970800 2661
1300057200 1708
1300143600 1642
1300230000 1965
1300316400 2223
1300402800 2085
1300489200 2344
1300575600 2270
1300662000 1699
1300748400 1598
1300834800 2144
1300921200 1614
1301007600 2144
1301094000 2815
1301180400 2432
1301263200 1747
1301349600 1588
1301436000 1973
1301522400 2168
1301608800 1796
1301695200 2145
1301781600 2376
1301868000 1649
1301954400 1692
1302040800 1947
1302127200 2110
1302213600 2577
1302300000 2504
1302386400 2368
1302472800 1651
1302559200 1726
1302645600 1810
1302732000 2251
1302818400 2411
1302904800 2649
1302991200 1704
1303077600 1560
1303164000 1393
1303250400 1822
1303336800 2428
1303423200 2276
1303509600 2516
1303596000 2073
1303682400 1318
1303768800 1501
1303855200 2002
1303941600 2153
1304028000 2302
1304114400 2776
1304200800 2249
1304287200 1546
1304373600 1515
1304460000 1780
1304546400 1888
1304632800 2347
1304719200 2753
1304805600 2266
1304892000 1387
1304978400 1653
1305064800 2043
1305151200 2428
1305237600 2398
1305324000 2664
1305410400 2214
1305496800 1527
1305583200 1498
1305669600 1831
1305756000 1765
1305842400 2251
1305928800 2481
1306015200 2128
1306101600 1586
1306188000 1468
1306274400 1940
1306360800 2029
1306447200 2053
1306533600 2103
1306620000 1983
1306706400 1608
1306792800 1288
1306879200 1674
1306965600 1836
1307052000 1955
1307138400 2370
1307224800 2081
1307311200 1504
1307397600 1511
1307484000 1665
1307570400 1920
1307656800 1569
1307743200 2277
1307829600 1998
1307916000 1800
1308002400 1447
1308088800 1763
1308175200 1917
1308261600 2155
1308348000 2086
1308434400 2307
1308520800 1434
1308607200 1406
1308693600 1881
1308780000 1912
1308866400 2118
1308952800 2210
1309039200 2129
1309125600 1569
1309212000 1390
1309298400 1938
1309384800 2129
1309471200 2402
1309557600 2050
1309644000 2246
1309730400 1909
1309816800 1520
1309903200 1890
1309989600 1874
1310076000 1756
1310162400 1911
1310248800 2042
1310335200 1644
1310421600 1482
1310508000 1532
1310594400 1799
1310680800 1738
1310767200 1868
1310853600 1991
1310940000 1306
1311026400 1169
1311112800 1600
1311199200 1699
1311285600 1746
1311372000 1704
1311458400 1784
1311544800 1370
1311631200 1168
1311717600 1670
1311804000 1943
1311890400 1825
1311976800 1786
1312063200 1804
1312149600 1293
1312236000 1090
1312322400 1493
1312408800 1571
1312495200 1760
1312581600 2017
1312668000 1722
1312754400 1313
1312840800 1268
1312927200 1524
1313013600 2053
1313100000 1854
1313186400 1856
1313272800 1785
1313359200 817
1313445600 1319
1313532000 1816
1313618400 1922
1313704800 1798
1313791200 1849
1313877600 1629
1313964000 1196
1314050400 1565
1314136800 1873
1314223200 1982
1314309600 1921
1314396000 1914
1314482400 780
1314568800 466
1314655200 1172
1314741600 1924
1314828000 2065
1314914400 1984
1315000800 2060
1315087200 1936
1315173600 1470
1315260000 1104
1315346400 987
1315432800 1372
1315519200 1627
1315605600 1820
1315692000 1545
1315778400 1074
1315864800 1043
1315951200 1371
1316037600 1787
1316124000 1684
1316210400 2212
1316296800 1860
1316383200 1283
1316469600 1218
1316556000 1733
1316642400 1943
1316728800 2207
1316815200 1922
1316901600 2348
1316988000 1529
1317074400 1587
1317160800 1987
1317247200 2169
1317333600 2081
1317420000 2017
1317506400 1823
1317592800 1577
1317679200 1506
1317765600 2132
1317852000 2056
1317938400 2327
1318024800 2627
1318111200 2218
1318197600 1604
1318284000 1352
1318370400 2026
1318456800 1938
1318543200 1918
1318629600 1439
1318716000 1088
1318802400 1566
1318888800 1640
1318975200 2295
1319061600 1856
1319148000 2334
1319234400 2693
1319320800 2351
1319407200 1814
1319493600 1647
1319580000 1978
1319666400 2279
1319752800 1651
1319839200 1972
1319925600 1448
1320015600 1672
1320102000 2242
1320188400 2281
1320274800 2490
1320361200 2583
1320447600 2647
1320534000 2390
1320620400 1770
1320706800 1833
1320793200 1969
1320879600 2520
1320966000 2543
1321052400 2397
1321138800 2314
1321225200 1611
1321311600 1424
1321398000 1785
1321484400 1541
1321570800 1295
1321657200 2281
1321743600 2147
1321830000 1600
1321916400 1535
1322002800 1530
1322089200 1725
1322175600 662
1322262000 1969
1322348400 2294
1322434800 1594
1322521200 1556
1322607600 1794
1322694000 1948
1322780400 1822
1322866800 2264
1322953200 2141
1323039600 1623
1323126000 1519
1323212400 1722
1323298800 1590
1323385200 2139
1323471600 2361
1323558000 2166
1323644400 1343
1323730800 1286
1323817200 1717
1323903600 1914
1323990000 2087
1324076400 2121
1324162800 1875
1324249200 1351
1324335600 984
1324422000 2141
1324508400 1975
1324594800 2113
1324681200 1739
1324767600 695
1324854000 311
1324940400 1036
1325026800 1622
1325113200 1965
1325199600 1842
1325286000 1894
