1167606000 7
1167692400 9
1167778800 26
1167865200 22
1167951600 32
1168038000 37
1168124400 36
1168210800 8
1168297200 18
1168383600 16
1168470000 47
1168556400 30
1168642800 17
1168729200 25
1168815600 22
1168902000 18
1168988400 18
1169074800 42
1169161200 43
1169247600 22
1169334000 24
1169420400 28
1169506800 57
1169593200 25
1169679600 31
1169766000 13
1169852400 41
1169938800 32
1170025200 4
1170111600 13
1170198000 12
1170284400 30
1170370800 37
1170457200 23
1170543600 19
1170630000 13
1170716400 21
1170802800 27
1170889200 32
1170975600 29
1171062000 19
1171148400 31
1171234800 11
1171321200 8
1171407600 12
1171494000 24
1171580400 24
1171666800 22
1171753200 22
1171839600 13
1171926000 29
1172012400 25
1172098800 40
1172185200 17
1172271600 23
1172358000 14
1172444400 15
1172530800 26
1172617200 26
1172703600 33
1172790000 25
1172876400 18
1172962800 35
1173049200 24
1173135600 20
1173222000 18
1173308400 36
1173394800 28
1173481200 42
1173567600 24
1173654000 21
1173740400 18
1173826800 27
1173913200 36
1173999600 29
1174086000 16
1174172400 15
1174258800 35
1174345200 31
1174431600 6
1174518000 22
1174604400 17
1174690800 21
1174777200 17
1174860000 31
1174946400 30
1175032800 9
1175119200 34
1175205600 23
1175292000 31
1175378400 18
1175464800 7
1175551200 14
1175637600 12
1175724000 24
1175810400 23
1175896800 24
1175983200 21
1176069600 11
1176156000 6
1176242400 7
1176328800 22
1176415200 21
1176501600 17
1176588000 12
1176674400 7
1176760800 6
1176847200 13
1176933600 27
1177020000 30
1177106400 27
1177192800 17
1177279200 19
1177365600 19
1177452000 12
1177538400 21
1177624800 18
1177711200 17
1177797600 21
1177884000 28
1177970400 8
1178056800 10
1178143200 16
1178229600 18
1178316000 14
1178402400 13
1178488800 24
1178575200 16
1178661600 10
1178748000 11
1178834400 24
1178920800 20
1179007200 12
1179093600 13
1179180000 13
1179266400 7
1179352800 29
1179439200 8
1179525600 31
1179612000 20
1179698400 13
1179784800 4
1179871200 9
1179957600 17
1180044000 18
1180130400 20
1180216800 24
1180303200 3
1180389600 17
1180476000 9
1180562400 10
1180648800 7
1180735200 13
1180821600 13
1180908000 6
1180994400 27
1181080800 10
1181167200 24
1181253600 15
1181340000 17
1181426400 8
1181512800 17
1181599200 21
1181685600 28
1181772000 17
1181858400 19
1181944800 24
1182031200 11
1182117600 11
1182204000 18
1182290400 15
1182376800 14
1182463200 21
1182549600 12
1182636000 10
1182722400 14
1182808800 24
1182895200 6
1182981600 19
1183068000 11
1183154400 15
1183240800 10
1183327200 8
1183413600 46
1183500000 20
1183586400 13
1183672800 13
1183759200 13
1183845600 11
1183932000 16
1184018400 36
1184104800 14
1184191200 16
1184277600 8
1184364000 18
1184450400 22
1184536800 6
1184623200 12
1184709600 5
1184796000 6
1184882400 17
1184968800 10
1185055200 5
1185141600 6
1185228000 20
1185314400 21
1185400800 20
1185487200 11
1185573600 18
1185660000 24
1185746400 6
1185832800 23
1185919200 27
1186005600 29
1186092000 19
1186178400 15
1186264800 25
1186351200 14
1186437600 9
1186524000 30
1186610400 27
1186696800 24
1186783200 36
1186869600 39
1186956000 7
1187042400 20
1187128800 13
1187215200 19
1187301600 31
1187388000 13
1187474400 30
1187560800 19
1187647200 11
1187733600 18
1187820000 12
1187906400 18
1187992800 23
1188079200 29
1188165600 10
1188252000 10
1188338400 33
1188424800 20
1188511200 41
1188597600 38
1188684000 26
1188770400 15
1188856800 24
1188943200 20
1189029600 19
1189116000 10
1189202400 18
1189288800 31
1189375200 8
1189461600 20
1189548000 36
1189634400 42
1189720800 41
1189807200 52
1189893600 28
1189980000 21
1190066400 19
1190152800 28
1190239200 32
1190325600 51
1190412000 37
1190498400 26
1190584800 33
1190671200 9
1190757600 33
1190844000 54
1190930400 39
1191016800 29
1191103200 19
1191189600 19
1191276000 26
1191362400 26
1191448800 32
1191535200 57
1191621600 37
1191708000 23
1191794400 28
1191880800 36
1191967200 53
1192053600 49
1192140000 52
1192226400 77
1192312800 38
1192399200 21
1192485600 22
1192572000 38
1192658400 14
1192744800 46
1192831200 71
1192917600 69
1193004000 20
1193090400 22
1193176800 26
1193263200 29
1193349600 12
1193436000 28
1193522400 19
1193612400 5
1193698800 18
1193785200 9
1193871600 17
1193958000 27
1194044400 33
1194130800 31
1194217200 10
1194303600 5
1194390000 16
1194476400 30
1194562800 18
1194649200 53
1194735600 14
1194822000 10
1194908400 16
1194994800 25
1195081200 13
1195167600 16
1195254000 38
1195340400 27
1195426800 2
1195513200 25
1195599600 22
1195686000 5
1195772400 15
1195858800 22
1195945200 16
1196031600 12
1196118000 31
1196204400 21
1196290800 21
1196377200 24
1196463600 21
1196550000 15
1196636400 12
1196722800 11
1196809200 12
1196895600 11
1196982000 20
1197068400 30
1197154800 21
1197241200 17
1197327600 10
1197414000 18
1197500400 8
1197586800 42
1197673200 46
1197759600 9
1197846000 7
1197932400 17
1198018800 19
1198105200 29
1198191600 44
1198278000 27
1198364400 20
1198450800 15
1198537200 12
1198623600 44
1198710000 33
1198796400 30
1198882800 24
1198969200 20
1199055600 9
