1199142000 18
1199228400 43
1199314800 42
1199401200 31
1199487600 39
1199574000 53
1199660400 43
1199746800 35
1199833200 31
1199919600 26
1200006000 46
1200092400 66
1200178800 27
1200265200 45
1200351600 29
1200438000 36
1200524400 42
1200610800 32
1200697200 39
1200783600 23
1200870000 34
1200956400 14
1201042800 17
1201129200 23
1201215600 42
1201302000 52
1201388400 28
1201474800 20
1201561200 20
1201647600 27
1201734000 25
1201820400 26
1201906800 27
1201993200 23
1202079600 13
1202166000 40
1202252400 37
1202338800 49
1202425200 30
1202511600 32
1202598000 36
1202684400 22
1202770800 27
1202857200 34
1202943600 26
1203030000 28
1203116400 49
1203202800 46
1203289200 18
1203375600 23
1203462000 22
1203548400 44
1203634800 29
1203721200 20
1203807600 32
1203894000 10
1203980400 36
1204066800 30
1204153200 31
1204239600 18
1204326000 26
1204412400 24
1204498800 22
1204585200 24
1204671600 30
1204758000 23
1204844400 24
1204930800 15
1205017200 10
1205103600 15
1205190000 21
1205276400 44
1205362800 19
1205449200 11
1205535600 26
1205622000 14
1205708400 12
1205794800 30
1205881200 37
1205967600 22
1206054000 39
1206140400 27
1206226800 10
1206313200 28
1206399600 41
1206486000 31
1206572400 43
1206658800 39
1206745200 34
1206831600 33
1206914400 23
1207000800 29
1207087200 26
1207173600 27
1207260000 36
1207346400 57
1207432800 25
1207519200 22
1207605600 19
1207692000 29
1207778400 35
1207864800 44
1207951200 38
1208037600 26
1208124000 16
1208210400 18
1208296800 33
1208383200 24
1208469600 30
1208556000 39
1208642400 35
1208728800 40
1208815200 33
1208901600 34
1208988000 22
1209074400 25
1209160800 27
1209247200 22
1209333600 31
1209420000 41
1209506400 14
1209592800 25
1209679200 44
1209765600 59
1209852000 28
1209938400 38
1210024800 52
1210111200 34
1210197600 34
1210284000 13
1210370400 11
1210456800 30
1210543200 18
1210629600 32
1210716000 14
1210802400 14
1210888800 24
1210975200 17
1211061600 25
1211148000 11
1211234400 28
1211320800 26
1211407200 15
1211493600 23
1211580000 15
1211666400 19
1211752800 21
1211839200 11
1211925600 29
1212012000 42
1212098400 23
1212184800 15
1212271200 24
1212357600 17
1212444000 35
1212530400 29
1212616800 28
1212703200 45
1212789600 29
1212876000 18
1212962400 5
1213048800 37
1213135200 21
1213221600 18
1213308000 37
1213394400 32
1213480800 26
1213567200 13
1213653600 45
1213740000 37
1213826400 43
1213912800 28
1213999200 62
1214085600 32
1214172000 7
1214258400 46
1214344800 27
1214431200 32
1214517600 34
1214604000 23
1214690400 3
1214776800 15
1214863200 24
1214949600 15
1215036000 17
1215122400 24
1215208800 12
1215295200 20
1215381600 4
1215468000 26
1215554400 17
1215640800 28
1215727200 29
1215813600 19
1215900000 4
1215986400 10
1216072800 15
1216159200 34
1216245600 19
1216332000 15
1216418400 17
1216504800 13
1216591200 22
1216677600 33
1216764000 40
1216850400 41
1216936800 37
1217023200 29
1217109600 21
1217196000 15
1217282400 22
1217368800 30
1217455200 38
1217541600 35
1217628000 22
1217714400 24
1217800800 7
1217887200 29
1217973600 32
1218060000 31
1218146400 19
1218232800 27
1218319200 23
1218405600 23
1218492000 28
1218578400 40
1218664800 69
1218751200 65
1218837600 46
1218924000 24
1219010400 23
1219096800 41
1219183200 36
1219269600 43
1219356000 59
1219442400 42
1219528800 20
1219615200 35
1219701600 48
1219788000 39
1219874400 26
1219960800 42
1220047200 47
1220133600 33
1220220000 43
1220306400 35
1220392800 51
1220479200 36
1220565600 41
1220652000 33
1220738400 22
1220824800 24
1220911200 27
1220997600 38
1221084000 55
1221170400 43
1221256800 57
1221343200 35
1221429600 13
1221516000 15
1221602400 15
1221688800 28
1221775200 35
1221861600 46
1221948000 24
1222034400 11
1222120800 25
1222207200 35
1222293600 33
1222380000 30
1222466400 21
1222552800 19
1222639200 25
1222725600 28
1222812000 34
1222898400 39
1222984800 57
1223071200 57
1223157600 22
1223244000 19
1223330400 27
1223416800 43
1223503200 37
1223589600 49
1223676000 34
1223762400 42
1223848800 31
1223935200 39
1224021600 48
1224108000 63
1224194400 74
1224280800 57
1224367200 37
1224453600 29
1224540000 20
1224626400 40
1224712800 65
1224799200 44
1224885600 53
1224972000 34
1225062000 36
1225148400 59
1225234800 42
1225321200 73
1225407600 82
1225494000 71
1225580400 55
1225666800 45
1225753200 44
1225839600 46
1225926000 47
1226012400 65
1226098800 80
1226185200 46
1226271600 45
1226358000 45
1226444400 76
1226530800 56
1226617200 71
1226703600 73
1226790000 57
1226876400 46
1226962800 40
1227049200 48
1227135600 71
1227222000 86
1227308400 92
1227394800 47
1227481200 21
1227567600 29
1227654000 54
1227740400 54
1227826800 37
1227913200 72
1227999600 50
1228086000 28
1228172400 31
1228258800 45
1228345200 31
1228431600 74
1228518000 40
1228604400 42
1228690800 45
1228777200 68
1228863600 67
1228950000 28
1229036400 61
1229122800 62
1229209200 76
1229295600 44
1229382000 47
1229468400 47
1229554800 60
1229641200 68
1229727600 73
1229814000 61
1229900400 19
1229986800 55
1230073200 35
1230159600 29
1230246000 57
1230332400 58
1230418800 72
1230505200 43
1230591600 71
1230678000 26
