1136156400 2
1136242800 14
1136329200 9
1136415600 7
1136502000 19
1136588400 16
1136674800 18
1136761200 12
1136847600 15
1136934000 23
1137020400 10
1137106800 17
1137193200 12
1137279600 6
1137366000 8
1137452400 11
1137538800 12
1137625200 14
1137711600 18
1137798000 11
1137884400 10
1137970800 22
1138057200 6
1138143600 17
1138230000 11
1138316400 16
1138402800 6
1138489200 17
1138575600 12
1138662000 7
1138748400 12
1138834800 20
1138921200 16
1139007600 17
1139094000 14
1139180400 11
1139266800 16
1139353200 19
1139439600 29
1139526000 27
1139612400 16
1139698800 12
1139785200 1
1139871600 15
1139958000 29
1140044400 34
1140130800 19
1140217200 25
1140303600 18
1140390000 15
1140476400 10
1140562800 10
1140649200 16
1140735600 22
1140822000 16
1140908400 31
1140994800 9
1141081200 9
1141167600 12
1141254000 27
1141340400 16
1141426800 23
1141513200 20
1141599600 8
1141686000 11
1141772400 30
1141858800 23
1141945200 23
1142031600 21
1142118000 19
1142204400 12
1142290800 11
1142377200 25
1142463600 28
1142550000 10
1142636400 7
1142722800 8
1142809200 11
1142895600 23
1142982000 33
1143068400 10
1143154800 18
1143241200 23
1143327600 13
1143410400 4
1143496800 8
1143583200 22
1143669600 16
1143756000 11
1143842400 23
1143928800 25
1144015200 21
1144101600 14
1144188000 27
1144274400 23
1144360800 21
1144447200 13
1144533600 16
1144620000 15
1144706400 13
1144792800 27
1144879200 17
1144965600 33
1145052000 27
1145138400 12
1145224800 6
1145311200 13
1145397600 15
1145484000 19
1145570400 12
1145656800 8
1145743200 16
1145829600 9
1145916000 12
1146002400 15
1146088800 23
1146175200 35
1146261600 8
1146348000 16
1146434400 12
1146520800 8
1146607200 20
1146693600 14
1146780000 18
1146866400 13
1146952800 13
1147039200 11
1147125600 12
1147212000 24
1147298400 33
1147384800 28
1147471200 17
1147557600 17
1147644000 14
1147730400 8
1147816800 24
1147903200 17
1147989600 18
1148076000 10
1148162400 17
1148248800 7
1148335200 8
1148421600 16
1148508000 27
1148594400 20
1148680800 25
1148767200 11
1148853600 9
1148940000 7
1149026400 20
1149112800 15
1149199200 20
1149285600 8
1149372000 5
1149458400 4
1149544800 20
1149631200 27
1149717600 18
1149804000 25
1149890400 22
1149976800 16
1150063200 16
1150149600 8
1150236000 23
1150322400 24
1150408800 24
1150495200 15
1150581600 14
1150668000 5
1150754400 10
1150840800 12
1150927200 18
1151013600 19
1151100000 16
1151186400 12
1151272800 13
1151359200 12
1151445600 7
1151532000 16
1151618400 22
1151704800 11
1151791200 23
1151877600 10
1151964000 8
1152050400 11
1152136800 16
1152223200 19
1152309600 17
1152396000 14
1152482400 13
1152568800 10
1152655200 23
1152741600 18
1152828000 21
1152914400 9
1153000800 11
1153087200 10
1153173600 15
1153260000 25
1153346400 23
1153432800 17
1153519200 14
1153605600 12
1153692000 9
1153778400 11
1153864800 13
1153951200 14
1154037600 14
1154124000 24
1154210400 14
1154296800 11
1154383200 14
1154469600 19
1154556000 20
1154642400 19
1154728800 23
1154815200 31
1154901600 14
1154988000 13
1155074400 9
1155160800 28
1155247200 15
1155333600 10
1155420000 15
1155506400 7
1155592800 5
1155679200 28
1155765600 34
1155852000 17
1155938400 26
1156024800 9
1156111200 14
1156197600 12
1156284000 19
1156370400 27
1156456800 17
1156543200 19
1156629600 10
1156716000 16
1156802400 8
1156888800 24
1156975200 19
1157061600 17
1157148000 18
1157234400 16
1157320800 4
1157407200 15
1157493600 22
1157580000 21
1157666400 17
1157752800 19
1157839200 13
1157925600 4
1158012000 10
1158098400 16
1158184800 17
1158271200 20
1158357600 24
1158444000 18
1158530400 24
1158616800 11
1158703200 13
1158789600 16
1158876000 24
1158962400 27
1159048800 23
1159135200 12
1159221600 14
1159308000 23
1159394400 17
1159480800 19
1159567200 19
1159653600 17
1159740000 19
1159826400 13
1159912800 27
1159999200 21
1160085600 28
1160172000 17
1160258400 13
1160344800 15
1160431200 11
1160517600 23
1160604000 21
1160690400 25
1160776800 18
1160863200 30
1160949600 13
1161036000 11
1161122400 25
1161208800 18
1161295200 17
1161381600 14
1161468000 17
1161554400 17
1161640800 11
1161727200 22
1161813600 16
1161900000 20
1161986400 18
1162072800 14
1162162800 13
1162249200 14
1162335600 23
1162422000 34
1162508400 17
1162594800 26
1162681200 16
1162767600 10
1162854000 15
1162940400 13
1163026800 9
1163113200 21
1163199600 13
1163286000 31
1163372400 11
1163458800 12
1163545200 27
1163631600 15
1163718000 16
1163804400 24
1163890800 24
1163977200 22
1164063600 10
1164150000 14
1164236400 11
1164322800 3
1164409200 22
1164495600 17
1164582000 12
1164668400 13
1164754800 17
1164841200 19
1164927600 13
1165014000 8
1165100400 12
1165186800 15
1165273200 17
1165359600 16
1165446000 16
1165532400 15
1165618800 24
1165705200 18
1165791600 11
1165878000 8
1165964400 19
1166050800 14
1166137200 14
1166223600 12
1166310000 15
1166396400 7
1166482800 16
1166569200 25
1166655600 10
1166742000 12
1166828400 19
1166914800 18
1167001200 6
1167087600 2
1167174000 12
1167260400 14
1167346800 22
1167433200 15
1167519600 8
