1325458800 76
1325545200 75
1325631600 89
1325718000 139
1325804400 167
1325890800 191
1325977200 158
1326063600 77
1326150000 89
1326236400 174
1326322800 174
1326409200 152
1326495600 137
1326582000 121
1326668400 57
1326754800 90
1326841200 175
1326927600 162
1327014000 129
1327100400 154
1327186800 96
1327273200 73
1327359600 78
1327446000 147
1327532400 141
1327618800 113
1327705200 141
1327791600 145
1327878000 65
1327964400 66
1328050800 141
1328137200 161
1328223600 145
1328310000 148
1328396400 156
1328482800 62
1328569200 84
1328655600 136
1328742000 144
1328828400 155
1328914800 212
1329001200 122
1329087600 97
1329174000 108
1329260400 124
1329346800 152
1329433200 110
1329519600 147
1329606000 112
1329692400 75
1329778800 64
1329865200 115
1329951600 148
1330038000 119
1330124400 116
1330210800 130
1330297200 71
1330383600 75
1330470000 123
1330556400 86
1330642800 142
1330729200 167
1330815600 103
1330902000 73
1330988400 90
1331074800 144
1331161200 174
1331247600 154
1331334000 146
1331420400 114
1331506800 69
1331593200 96
1331679600 129
1331766000 141
1331852400 113
1331938800 142
1332025200 101
1332111600 100
1332198000 84
1332284400 123
1332370800 137
1332457200 138
1332543600 153
1332630000 140
1332712800 59
1332799200 69
1332885600 128
1332972000 124
1333058400 111
1333144800 111
1333231200 89
1333317600 79
1333404000 64
1333490400 144
1333576800 172
1333663200 144
1333749600 123
1333836000 148
1333922400 44
1334008800 52
1334095200 133
1334181600 126
1334268000 151
1334354400 133
1334440800 112
1334527200 102
1334613600 64
1334700000 129
1334786400 126
1334872800 136
1334959200 116
1335045600 95
1335132000 69
1335218400 85
1335304800 104
1335391200 123
1335477600 102
1335564000 133
1335650400 115
1335736800 60
1335823200 45
1335909600 123
1335996000 115
1336082400 154
1336168800 146
1336255200 103
1336341600 80
1336428000 85
1336514400 108
1336600800 159
1336687200 133
1336773600 112
1336860000 98
1336946400 65
1337032800 62
1337119200 117
1337205600 125
1337292000 131
1337378400 93
1337464800 86
1337551200 50
1337637600 53
1337724000 138
1337810400 122
1337896800 91
1337983200 103
1338069600 93
1338156000 50
1338242400 39
1338328800 86
1338415200 106
1338501600 103
1338588000 104
1338674400 94
1338760800 65
1338847200 50
1338933600 100
1339020000 119
1339106400 99
1339192800 79
1339279200 64
1339365600 64
1339452000 52
1339538400 87
1339624800 87
1339711200 79
1339797600 146
1339884000 86
1339970400 31
1340056800 44
1340143200 109
1340229600 87
1340316000 96
1340402400 79
1340488800 65
1340575200 46
1340661600 43
1340748000 68
1340834400 101
1340920800 83
1341007200 77
1341093600 58
1341180000 43
1341266400 60
1341352800 126
1341439200 96
1341525600 100
1341612000 75
1341698400 94
1341784800 44
1341871200 49
1341957600 96
1342044000 101
1342130400 100
1342216800 87
1342303200 91
1342389600 32
1342476000 39
1342562400 69
1342648800 93
1342735200 103
1342821600 83
1342908000 97
1342994400 68
1343080800 44
1343167200 69
1343253600 102
1343340000 98
1343426400 95
1343512800 91
1343599200 53
1343685600 27
1343772000 91
1343858400 93
1343944800 115
1344031200 92
1344117600 91
1344204000 65
1344290400 34
1344376800 72
1344463200 93
1344549600 105
1344636000 101
1344722400 71
1344808800 73
1344895200 44
1344981600 88
1345068000 92
1345154400 89
1345240800 101
1345327200 60
1345413600 48
1345500000 43
1345586400 73
1345672800 92
1345759200 91
1345845600 86
1345932000 71
1346018400 52
1346104800 41
1346191200 68
1346277600 68
1346364000 54
1346450400 86
1346536800 78
1346623200 45
1346709600 54
1346796000 53
1346882400 67
1346968800 84
1347055200 80
1347141600 72
1347228000 61
1347314400 45
1347400800 74
1347487200 95
1347573600 84
1347660000 98
1347746400 82
1347832800 64
1347919200 50
1348005600 76
1348092000 82
1348178400 84
1348264800 84
1348351200 103
1348437600 47
1348524000 39
1348610400 95
1348696800 89
1348783200 59
1348869600 73
1348956000 60
1349042400 52
1349128800 29
1349215200 95
1349301600 134
1349388000 80
1349474400 117
1349560800 74
1349647200 31
1349733600 49
1349820000 94
1349906400 93
1349992800 88
1350079200 73
1350165600 79
1350252000 58
1350338400 46
1350424800 84
1350511200 106
1350597600 86
1350684000 81
1350770400 94
1350856800 34
1350943200 55
1351029600 72
1351116000 91
1351202400 84
1351288800 59
1351375200 49
1351465200 46
1351551600 17
1351638000 22
1351724400 32
1351810800 47
1351897200 27
1351983600 39
1352070000 35
1352156400 24
1352242800 41
1352329200 25
1352415600 49
1352502000 69
1352588400 71
1352674800 31
1352761200 43
1352847600 73
1352934000 67
1353020400 85
1353106800 67
1353193200 80
1353279600 57
1353366000 29
1353452400 64
1353538800 67
1353625200 23
1353711600 68
1353798000 70
1353884400 35
1353970800 42
1354057200 50
1354143600 89
1354230000 106
1354316400 76
1354402800 62
1354489200 49
1354575600 38
1354662000 79
1354748400 83
1354834800 79
1354921200 61
1355007600 75
1355094000 46
1355180400 48
1355266800 82
1355353200 75
1355439600 62
1355526000 72
1355612400 68
1355698800 38
1355785200 26
1355871600 78
1355958000 87
1356044400 75
1356130800 52
1356217200 54
1356303600 29
1356390000 14
1356476400 6
1356562800 37
1356649200 78
1356735600 61
1356822000 57
1356908400 26
