1325458800 1314
1325545200 1209
1325631600 1619
1325718000 1856
1325804400 2462
1325890800 3060
1325977200 2784
1326063600 1428
1326150000 1842
1326236400 2476
1326322800 2579
1326409200 2626
1326495600 2701
1326582000 2276
1326668400 1537
1326754800 1745
1326841200 2439
1326927600 2558
1327014000 2283
1327100400 2874
1327186800 2104
1327273200 1636
1327359600 1743
1327446000 2714
1327532400 2755
1327618800 2426
1327705200 2982
1327791600 2751
1327878000 1831
1327964400 1601
1328050800 2555
1328137200 2845
1328223600 2565
1328310000 2841
1328396400 2566
1328482800 1353
1328569200 1610
1328655600 2106
1328742000 2428
1328828400 2593
1328914800 3195
1329001200 2534
1329087600 1738
1329174000 1711
1329260400 2043
1329346800 2549
1329433200 2256
1329519600 2764
1329606000 2529
1329692400 1783
1329778800 1902
1329865200 2387
1329951600 2558
1330038000 2324
1330124400 2228
1330210800 2561
1330297200 1808
1330383600 1670
1330470000 2513
1330556400 1884
1330642800 2047
1330729200 2881
1330815600 2632
1330902000 1770
1330988400 1609
1331074800 2238
1331161200 2702
1331247600 2794
1331334000 2931
1331420400 2654
1331506800 1764
1331593200 2091
1331679600 2279
1331766000 2516
1331852400 2391
1331938800 2610
1332025200 2468
1332111600 1770
1332198000 1780
1332284400 2144
1332370800 2247
1332457200 2514
1332543600 2647
1332630000 2255
1332712800 1490
1332799200 1636
1332885600 2007
1332972000 1932
1333058400 1982
1333144800 2085
1333231200 1940
1333317600 1499
1333404000 1613
1333490400 1876
1333576800 2195
1333663200 2237
1333749600 2347
1333836000 2361
1333922400 1362
1334008800 1444
1334095200 1919
1334181600 2018
1334268000 2035
1334354400 2141
1334440800 1933
1334527200 1491
1334613600 1470
1334700000 1874
1334786400 2015
1334872800 2097
1334959200 2595
1335045600 2126
1335132000 1062
1335218400 1318
1335304800 1442
1335391200 2103
1335477600 1883
1335564000 2104
1335650400 2094
1335736800 1320
1335823200 1461
1335909600 1571
1335996000 1806
1336082400 1950
1336168800 1972
1336255200 1881
1336341600 1390
1336428000 1213
1336514400 1732
1336600800 1778
1336687200 1867
1336773600 1850
1336860000 1778
1336946400 1104
1337032800 1045
1337119200 1390
1337205600 1875
1337292000 1744
1337378400 1531
1337464800 1347
1337551200 1049
1337637600 985
1337724000 1480
1337810400 1465
1337896800 1386
1337983200 1666
1338069600 1330
1338156000 1070
1338242400 767
1338328800 1270
1338415200 1380
1338501600 1460
1338588000 1424
1338674400 1072
1338760800 988
1338847200 841
1338933600 1272
1339020000 1409
1339106400 1296
1339192800 1258
1339279200 1188
1339365600 965
1339452000 792
1339538400 898
1339624800 1168
1339711200 1123
1339797600 1374
1339884000 1264
1339970400 722
1340056800 736
1340143200 1236
1340229600 1150
1340316000 1149
1340402400 1078
1340488800 1038
1340575200 720
1340661600 648
1340748000 821
1340834400 1162
1340920800 1201
1341007200 1156
1341093600 949
1341180000 691
1341266400 594
1341352800 1076
1341439200 1086
1341525600 1039
1341612000 1072
1341698400 1036
1341784800 736
1341871200 627
1341957600 1033
1342044000 1136
1342130400 1148
1342216800 1191
1342303200 1144
1342389600 824
1342476000 669
1342562400 1086
1342648800 1181
1342735200 1184
1342821600 1261
1342908000 1468
1342994400 1095
1343080800 870
1343167200 1184
1343253600 1348
1343340000 1316
1343426400 1436
1343512800 1280
1343599200 1085
1343685600 837
1343772000 1267
1343858400 1161
1343944800 1249
1344031200 1338
1344117600 1355
1344204000 1011
1344290400 796
1344376800 1190
1344463200 1272
1344549600 1419
1344636000 1491
1344722400 1330
1344808800 1143
1344895200 949
1344981600 1211
1345068000 1105
1345154400 1302
1345240800 1273
1345327200 1262
1345413600 1117
1345500000 805
1345586400 1103
1345672800 1151
1345759200 1182
1345845600 1294
1345932000 1187
1346018400 991
1346104800 879
1346191200 1136
1346277600 1249
1346364000 1090
1346450400 1152
1346536800 1098
1346623200 970
1346709600 887
1346796000 938
1346882400 968
1346968800 1227
1347055200 1218
1347141600 1317
1347228000 1184
1347314400 949
1347400800 1275
1347487200 1410
1347573600 1209
1347660000 1626
1347746400 1502
1347832800 1151
1347919200 925
1348005600 1021
1348092000 1448
1348178400 1542
1348264800 1429
1348351200 1492
1348437600 989
1348524000 839
1348610400 1225
1348696800 1366
1348783200 1263
1348869600 1453
1348956000 1611
1349042400 1042
1349128800 878
1349215200 1227
1349301600 1587
1349388000 1543
1349474400 1665
1349560800 1548
1349647200 1000
1349733600 952
1349820000 1283
1349906400 1432
1349992800 1414
1350079200 1419
1350165600 1322
1350252000 1012
1350338400 942
1350424800 1249
1350511200 1499
1350597600 1290
1350684000 1259
1350770400 1459
1350856800 911
1350943200 975
1351029600 1241
1351116000 1306
1351202400 1351
1351288800 1359
1351375200 1158
1351465200 644
1351551600 193
1351638000 422
1351724400 756
1351810800 624
1351897200 686
1351983600 619
1352070000 505
1352156400 445
1352242800 550
1352329200 452
1352415600 689
1352502000 927
1352588400 893
1352674800 643
1352761200 730
1352847600 951
1352934000 1093
1353020400 1065
1353106800 1099
1353193200 1064
1353279600 764
1353366000 638
1353452400 995
1353538800 916
1353625200 474
1353711600 919
1353798000 975
1353884400 735
1353970800 673
1354057200 970
1354143600 1323
1354230000 1344
1354316400 1540
1354402800 1098
1354489200 832
1354575600 744
1354662000 1156
1354748400 1183
1354834800 1130
1354921200 1173
1355007600 1172
1355094000 720
1355180400 732
1355266800 1119
1355353200 1240
1355439600 1080
1355526000 1140
1355612400 1107
1355698800 683
1355785200 617
1355871600 1004
1355958000 1076
1356044400 1058
1356130800 877
1356217200 843
1356303600 656
1356390000 330
1356476400 193
1356562800 652
1356649200 995
1356735600 1129
1356822000 949
1356908400 645
