1262300400 36
1262386800 43
1262473200 27
1262559600 15
1262646000 21
1262732400 44
1262818800 59
1262905200 30
1262991600 46
1263078000 41
1263164400 28
1263250800 40
1263337200 50
1263423600 69
1263510000 63
1263596400 58
1263682800 68
1263769200 30
1263855600 94
1263942000 55
1264028400 48
1264114800 73
1264201200 105
1264287600 53
1264374000 36
1264460400 64
1264546800 67
1264633200 40
1264719600 47
1264806000 43
1264892400 52
1264978800 78
1265065200 79
1265151600 123
1265238000 104
1265324400 143
1265410800 68
1265497200 33
1265583600 69
1265670000 54
1265756400 35
1265842800 76
1265929200 57
1266015600 64
1266102000 60
1266188400 53
1266274800 47
1266361200 57
1266447600 59
1266534000 60
1266620400 123
1266706800 90
1266793200 57
1266879600 50
1266966000 54
1267052400 47
1267138800 95
1267225200 103
1267311600 67
1267398000 46
1267484400 59
1267570800 60
1267657200 52
1267743600 63
1267830000 49
1267916400 63
1268002800 48
1268089200 49
1268175600 44
1268262000 29
1268348400 58
1268434800 55
1268521200 52
1268607600 37
1268694000 31
1268780400 35
1268866800 26
1268953200 38
1269039600 34
1269126000 45
1269212400 32
1269298800 26
1269385200 38
1269471600 37
1269558000 22
1269644400 44
1269730800 21
1269813600 22
1269900000 57
1269986400 70
1270072800 64
1270159200 53
1270245600 53
1270332000 23
1270418400 24
1270504800 51
1270591200 30
1270677600 26
1270764000 62
1270850400 79
1270936800 28
1271023200 19
1271109600 34
1271196000 46
1271282400 51
1271368800 50
1271455200 76
1271541600 44
1271628000 37
1271714400 31
1271800800 32
1271887200 61
1271973600 58
1272060000 52
1272146400 37
1272232800 39
1272319200 35
1272405600 65
1272492000 55
1272578400 40
1272664800 39
1272751200 37
1272837600 45
1272924000 29
1273010400 43
1273096800 72
1273183200 74
1273269600 63
1273356000 33
1273442400 19
1273528800 62
1273615200 91
1273701600 80
1273788000 49
1273874400 61
1273960800 48
1274047200 34
1274133600 57
1274220000 85
1274306400 67
1274392800 46
1274479200 91
1274565600 67
1274652000 28
1274738400 57
1274824800 55
1274911200 70
1274997600 82
1275084000 71
1275170400 55
1275256800 13
1275343200 39
1275429600 30
1275516000 54
1275602400 67
1275688800 46
1275775200 44
1275861600 30
1275948000 25
1276034400 50
1276120800 68
1276207200 58
1276293600 63
1276380000 43
1276466400 25
1276552800 41
1276639200 61
1276725600 99
1276812000 62
1276898400 116
1276984800 45
1277071200 39
1277157600 34
1277244000 53
1277330400 46
1277416800 70
1277503200 75
1277589600 45
1277676000 15
1277762400 56
1277848800 52
1277935200 37
1278021600 47
1278108000 63
1278194400 53
1278280800 37
1278367200 23
1278453600 30
1278540000 30
1278626400 36
1278712800 28
1278799200 37
1278885600 39
1278972000 37
1279058400 31
1279144800 30
1279231200 14
1279317600 24
1279404000 34
1279490400 14
1279576800 14
1279663200 29
1279749600 15
1279836000 27
1279922400 49
1280008800 30
1280095200 15
1280181600 23
1280268000 23
1280354400 32
1280440800 57
1280527200 36
1280613600 27
1280700000 21
1280786400 15
1280872800 21
1280959200 25
1281045600 44
1281132000 63
1281218400 67
1281304800 38
1281391200 25
1281477600 26
1281564000 39
1281650400 38
1281736800 50
1281823200 52
1281909600 17
1281996000 33
1282082400 52
1282168800 39
1282255200 75
1282341600 85
1282428000 99
1282514400 44
1282600800 39
1282687200 50
1282773600 62
1282860000 90
1282946400 73
1283032800 90
1283119200 30
1283205600 37
1283292000 45
1283378400 60
1283464800 62
1283551200 62
1283637600 70
1283724000 41
1283810400 61
1283896800 62
1283983200 81
1284069600 85
1284156000 105
1284242400 110
1284328800 53
1284415200 54
1284501600 47
1284588000 60
1284674400 52
1284760800 108
1284847200 71
1284933600 48
1285020000 38
1285106400 58
1285192800 38
1285279200 65
1285365600 87
1285452000 57
1285538400 45
1285624800 41
1285711200 52
1285797600 41
1285884000 32
1285970400 51
1286056800 54
1286143200 57
1286229600 29
1286316000 38
1286402400 48
1286488800 39
1286575200 50
1286661600 73
1286748000 44
1286834400 33
1286920800 51
1287007200 28
1287093600 52
1287180000 38
1287266400 52
1287352800 31
1287439200 31
1287525600 27
1287612000 41
1287698400 39
1287784800 54
1287871200 51
1287957600 24
1288044000 17
1288130400 32
1288216800 38
1288303200 45
1288389600 39
1288476000 36
1288566000 27
1288652400 47
1288738800 73
1288825200 55
1288911600 31
1288998000 45
1289084400 44
1289170800 33
1289257200 51
1289343600 39
1289430000 38
1289516400 52
1289602800 49
1289689200 30
1289775600 57
1289862000 33
1289948400 38
1290034800 34
1290121200 55
1290207600 51
1290294000 27
1290380400 39
1290466800 22
1290553200 30
1290639600 16
1290726000 47
1290812400 23
1290898800 20
1290985200 50
1291071600 47
1291158000 43
1291244400 43
1291330800 41
1291417200 59
1291503600 30
1291590000 44
1291676400 40
1291762800 47
1291849200 27
1291935600 40
1292022000 32
1292108400 24
1292194800 35
1292281200 43
1292367600 33
1292454000 32
1292540400 54
1292626800 28
1292713200 14
1292799600 19
1292886000 36
1292972400 37
1293058800 29
1293145200 6
1293231600 8
1293318000 9
1293404400 4
1293490800 25
1293577200 14
1293663600 14
1293750000 11
