1136329200 3
1136415600 8
1136502000 1
1136588400 1
1136761200 2
1136934000 3
1137193200 2
1137279600 1
1137452400 2
1137625200 2
1137711600 2
1137970800 2
1138057200 2
1138143600 2
1138230000 2
1138402800 1
1138575600 2
1138662000 2
1138748400 5
1138834800 5
1139094000 2
1139266800 2
1139353200 2
1139439600 2
1139612400 1
1139871600 1
1139958000 1
1140044400 3
1140130800 2
1140303600 2
1140390000 3
1140476400 3
1140562800 6
1140649200 1
1140735600 2
1140822000 1
1140908400 1
1140994800 2
1141081200 1
1141167600 2
1141254000 2
1141340400 6
1141426800 3
1141513200 1
1141599600 5
1141686000 1
1141772400 5
1141858800 2
1141945200 2
1142031600 2
1142118000 3
1142204400 2
1142290800 2
1142377200 5
1142463600 4
1142550000 8
1142636400 2
1142809200 4
1142982000 1
1143068400 3
1143154800 3
1143241200 1
1143327600 3
1143410400 2
1143669600 1
1143756000 1
1143842400 2
1143928800 1
1144015200 1
1144101600 6
1144188000 4
1144274400 8
1144360800 1
1144447200 2
1144620000 4
1144792800 8
1144879200 6
1144965600 2
1145052000 12
1145138400 4
1145224800 1
1145311200 2
1145397600 2
1145484000 5
1145570400 4
1145656800 1
1145743200 2
1145829600 3
1145916000 5
1146002400 3
1146088800 2
1146175200 2
1146261600 5
1146434400 3
1146520800 2
1146607200 3
1146693600 3
1146780000 7
1146866400 1
1146952800 1
1147039200 2
1147125600 4
1147212000 2
1147298400 3
1147384800 2
1147471200 3
1147557600 2
1147644000 1
1147816800 2
1147903200 2
1147989600 2
1148162400 2
1148335200 5
1148421600 2
1148508000 9
1148594400 2
1148853600 6
1149026400 4
1149112800 1
1149285600 6
1149372000 2
1149458400 2
1149544800 7
1149631200 6
1149717600 8
1149804000 9
1149890400 8
1149976800 3
1150149600 1
1150236000 4
1150322400 1
1150408800 4
1150495200 2
1150581600 4
1150668000 3
1150754400 5
1150840800 5
1150927200 5
1151013600 4
1151100000 7
1151186400 5
1151272800 2
1151359200 5
1151445600 6
1151532000 3
1151618400 3
1151704800 2
1151791200 4
1151877600 4
1151964000 3
1152050400 3
1152136800 3
1152223200 3
1152309600 2
1152396000 1
1152482400 4
1152568800 1
1152655200 5
1152741600 4
1152828000 5
1152914400 2
1153000800 1
1153087200 1
1153173600 5
1153260000 3
1153346400 8
1153432800 3
1153605600 2
1153692000 2
1153778400 4
1153864800 6
1153951200 3
1154037600 1
1154124000 3
1154210400 1
1154296800 3
1154383200 4
1154469600 5
1154556000 5
1154642400 3
1154728800 4
1154815200 2
1154901600 2
1155074400 5
1155160800 4
1155247200 4
1155333600 2
1155506400 6
1155592800 1
1155679200 2
1155765600 5
1155852000 4
1155938400 2
1156024800 2
1156111200 3
1156197600 2
1156284000 2
1156370400 6
1156456800 3
1156543200 1
1156629600 4
1156716000 1
1156888800 1
1156975200 6
1157061600 2
1157148000 1
1157234400 1
1157320800 5
1157407200 1
1157493600 4
1157580000 10
1157666400 1
1157752800 7
1157839200 1
1158012000 7
1158098400 3
1158184800 8
1158271200 3
1158357600 2
1158444000 4
1158530400 2
1158616800 3
1158703200 8
1158789600 1
1158876000 5
1158962400 5
1159048800 1
1159221600 2
1159308000 5
1159394400 3
1159480800 9
1159567200 2
1159653600 2
1159740000 4
1159912800 3
1159999200 4
1160085600 8
1160172000 7
1160258400 4
1160344800 3
1160431200 4
1160517600 5
1160690400 5
1160776800 5
1160863200 3
1161036000 4
1161122400 6
1161208800 10
1161295200 2
1161381600 5
1161468000 4
1161727200 1
1161813600 4
1161900000 6
1161986400 2
1162072800 3
1162162800 5
1162249200 1
1162335600 1
1162422000 4
1162594800 4
1162681200 7
1162767600 1
1162940400 2
1163113200 3
1163199600 7
1163286000 5
1163372400 2
1163458800 1
1163545200 3
1163631600 6
1163718000 2
1163804400 4
1163890800 1
1163977200 1
1164063600 2
1164150000 4
1164236400 2
1164409200 1
1164495600 1
1164582000 5
1164668400 5
1164754800 1
1164841200 2
1164927600 3
1165014000 5
1165100400 2
1165273200 4
1165359600 2
1165446000 1
1165532400 7
1165618800 2
1165705200 2
1165791600 2
1165878000 1
1165964400 9
1166050800 5
1166310000 3
1166482800 1
1166569200 2
1166655600 2
1166742000 2
1166828400 3
1166914800 1
1167001200 2
1167087600 1
1167260400 5
1167346800 6
1167433200 2
