1136156400 27
1136242800 45
1136329200 61
1136415600 96
1136502000 66
1136588400 70
1136674800 27
1136761200 56
1136847600 67
1136934000 82
1137020400 55
1137106800 90
1137193200 78
1137279600 24
1137366000 31
1137452400 73
1137538800 61
1137625200 48
1137711600 104
1137798000 95
1137884400 42
1137970800 50
1138057200 48
1138143600 94
1138230000 67
1138316400 77
1138402800 60
1138489200 53
1138575600 57
1138662000 76
1138748400 70
1138834800 80
1138921200 98
1139007600 73
1139094000 48
1139180400 28
1139266800 37
1139353200 77
1139439600 81
1139526000 75
1139612400 82
1139698800 21
1139785200 22
1139871600 36
1139958000 59
1140044400 77
1140130800 79
1140217200 99
1140303600 48
1140390000 46
1140476400 54
1140562800 100
1140649200 94
1140735600 78
1140822000 61
1140908400 65
1140994800 57
1141081200 52
1141167600 47
1141254000 85
1141340400 82
1141426800 66
1141513200 119
1141599600 32
1141686000 63
1141772400 86
1141858800 56
1141945200 72
1142031600 61
1142118000 62
1142204400 43
1142290800 46
1142377200 77
1142463600 97
1142550000 63
1142636400 69
1142722800 41
1142809200 66
1142895600 51
1142982000 71
1143068400 80
1143154800 80
1143241200 79
1143327600 39
1143410400 62
1143496800 48
1143583200 42
1143669600 58
1143756000 63
1143842400 48
1143928800 66
1144015200 33
1144101600 46
1144188000 72
1144274400 55
1144360800 76
1144447200 65
1144533600 56
1144620000 40
1144706400 50
1144792800 77
1144879200 69
1144965600 81
1145052000 58
1145138400 57
1145224800 31
1145311200 60
1145397600 54
1145484000 62
1145570400 60
1145656800 56
1145743200 47
1145829600 42
1145916000 64
1146002400 69
1146088800 72
1146175200 78
1146261600 50
1146348000 52
1146434400 42
1146520800 56
1146607200 96
1146693600 72
1146780000 38
1146866400 72
1146952800 62
1147039200 60
1147125600 73
1147212000 63
1147298400 70
1147384800 77
1147471200 70
1147557600 47
1147644000 37
1147730400 54
1147816800 92
1147903200 74
1147989600 88
1148076000 52
1148162400 31
1148248800 36
1148335200 51
1148421600 75
1148508000 57
1148594400 66
1148680800 55
1148767200 26
1148853600 25
1148940000 14
1149026400 52
1149112800 84
1149199200 84
1149285600 73
1149372000 50
1149458400 34
1149544800 37
1149631200 72
1149717600 73
1149804000 67
1149890400 68
1149976800 51
1150063200 17
1150149600 44
1150236000 60
1150322400 73
1150408800 49
1150495200 40
1150581600 41
1150668000 32
1150754400 57
1150840800 65
1150927200 61
1151013600 69
1151100000 61
1151186400 34
1151272800 31
1151359200 35
1151445600 53
1151532000 71
1151618400 60
1151704800 49
1151791200 80
1151877600 44
1151964000 48
1152050400 41
1152136800 29
1152223200 32
1152309600 44
1152396000 32
1152482400 27
1152568800 39
1152655200 54
1152741600 41
1152828000 53
1152914400 31
1153000800 41
1153087200 29
1153173600 36
1153260000 50
1153346400 68
1153432800 81
1153519200 46
1153605600 35
1153692000 37
1153778400 38
1153864800 63
1153951200 25
1154037600 56
1154124000 43
1154210400 26
1154296800 46
1154383200 61
1154469600 48
1154556000 50
1154642400 41
1154728800 28
1154815200 37
1154901600 32
1154988000 50
1155074400 72
1155160800 78
1155247200 51
1155333600 45
1155420000 21
1155506400 32
1155592800 49
1155679200 50
1155765600 65
1155852000 56
1155938400 49
1156024800 42
1156111200 27
1156197600 51
1156284000 51
1156370400 36
1156456800 55
1156543200 51
1156629600 27
1156716000 15
1156802400 24
1156888800 28
1156975200 32
1157061600 47
1157148000 36
1157234400 29
1157320800 27
1157407200 25
1157493600 40
1157580000 57
1157666400 36
1157752800 29
1157839200 32
1157925600 21
1158012000 35
1158098400 25
1158184800 84
1158271200 63
1158357600 53
1158444000 54
1158530400 32
1158616800 39
1158703200 114
1158789600 73
1158876000 84
1158962400 52
1159048800 37
1159135200 38
1159221600 34
1159308000 45
1159394400 59
1159480800 53
1159567200 27
1159653600 56
1159740000 22
1159826400 49
1159912800 59
1159999200 60
1160085600 65
1160172000 47
1160258400 42
1160344800 50
1160431200 53
1160517600 52
1160604000 42
1160690400 39
1160776800 59
1160863200 44
1160949600 26
1161036000 38
1161122400 45
1161208800 70
1161295200 62
1161381600 46
1161468000 43
1161554400 24
1161640800 36
1161727200 39
1161813600 64
1161900000 31
1161986400 33
1162072800 28
1162162800 34
1162249200 43
1162335600 135
1162422000 60
1162508400 46
1162594800 40
1162681200 42
1162767600 22
1162854000 43
1162940400 38
1163026800 23
1163113200 54
1163199600 51
1163286000 40
1163372400 29
1163458800 37
1163545200 45
1163631600 50
1163718000 68
1163804400 57
1163890800 57
1163977200 48
1164063600 41
1164150000 80
1164236400 46
1164322800 9
1164409200 46
1164495600 41
1164582000 52
1164668400 42
1164754800 44
1164841200 54
1164927600 42
1165014000 41
1165100400 24
1165186800 21
1165273200 23
1165359600 45
1165446000 61
1165532400 53
1165618800 46
1165705200 18
1165791600 17
1165878000 25
1165964400 57
1166050800 42
1166137200 33
1166223600 31
1166310000 24
1166396400 27
1166482800 41
1166569200 48
1166655600 54
1166742000 47
1166828400 36
1166914800 22
1167001200 16
1167087600 10
1167174000 62
1167260400 46
1167346800 37
1167433200 54
1167519600 10
