1199142000 15
1199228400 27
1199314800 34
1199401200 52
1199487600 47
1199574000 32
1199660400 25
1199746800 28
1199833200 39
1199919600 55
1200006000 42
1200092400 41
1200178800 26
1200265200 27
1200351600 22
1200438000 36
1200524400 52
1200610800 31
1200697200 44
1200783600 31
1200870000 39
1200956400 30
1201042800 27
1201129200 60
1201215600 56
1201302000 26
1201388400 25
1201474800 22
1201561200 41
1201647600 14
1201734000 34
1201820400 31
1201906800 42
1201993200 19
1202079600 26
1202166000 19
1202252400 38
1202338800 49
1202425200 43
1202511600 45
1202598000 27
1202684400 20
1202770800 25
1202857200 31
1202943600 41
1203030000 32
1203116400 51
1203202800 13
1203289200 29
1203375600 29
1203462000 56
1203548400 33
1203634800 40
1203721200 25
1203807600 25
1203894000 20
1203980400 50
1204066800 37
1204153200 32
1204239600 33
1204326000 27
1204412400 23
1204498800 23
1204585200 68
1204671600 34
1204758000 26
1204844400 45
1204930800 40
1205017200 22
1205103600 28
1205190000 40
1205276400 44
1205362800 58
1205449200 43
1205535600 64
1205622000 47
1205708400 23
1205794800 31
1205881200 34
1205967600 30
1206054000 40
1206140400 48
1206226800 43
1206313200 41
1206399600 40
1206486000 63
1206572400 30
1206658800 48
1206745200 47
1206831600 21
1206914400 19
1207000800 23
1207087200 63
1207173600 37
1207260000 57
1207346400 46
1207432800 51
1207519200 31
1207605600 41
1207692000 35
1207778400 35
1207864800 50
1207951200 61
1208037600 32
1208124000 25
1208210400 31
1208296800 40
1208383200 38
1208469600 51
1208556000 50
1208642400 38
1208728800 22
1208815200 27
1208901600 28
1208988000 28
1209074400 48
1209160800 35
1209247200 13
1209333600 17
1209420000 27
1209506400 28
1209592800 19
1209679200 42
1209765600 54
1209852000 20
1209938400 12
1210024800 24
1210111200 22
1210197600 32
1210284000 49
1210370400 33
1210456800 23
1210543200 14
1210629600 31
1210716000 21
1210802400 28
1210888800 20
1210975200 17
1211061600 23
1211148000 13
1211234400 26
1211320800 29
1211407200 42
1211493600 27
1211580000 38
1211666400 10
1211752800 7
1211839200 25
1211925600 19
1212012000 47
1212098400 38
1212184800 20
1212271200 8
1212357600 22
1212444000 31
1212530400 29
1212616800 37
1212703200 53
1212789600 21
1212876000 6
1212962400 15
1213048800 25
1213135200 30
1213221600 34
1213308000 33
1213394400 17
1213480800 18
1213567200 20
1213653600 41
1213740000 45
1213826400 39
1213912800 40
1213999200 16
1214085600 10
1214172000 23
1214258400 21
1214344800 50
1214431200 44
1214517600 24
1214604000 10
1214690400 15
1214776800 13
1214863200 21
1214949600 35
1215036000 37
1215122400 7
1215208800 16
1215295200 11
1215381600 15
1215468000 34
1215554400 31
1215640800 45
1215727200 38
1215813600 20
1215900000 4
1215986400 24
1216072800 43
1216159200 35
1216245600 95
1216332000 24
1216418400 42
1216504800 5
1216591200 26
1216677600 24
1216764000 46
1216850400 33
1216936800 38
1217023200 28
1217109600 18
1217196000 17
1217282400 28
1217368800 32
1217455200 39
1217541600 27
1217628000 25
1217714400 8
1217800800 6
1217887200 23
1217973600 28
1218060000 25
1218146400 35
1218232800 26
1218319200 83
1218405600 13
1218492000 32
1218578400 26
1218664800 23
1218751200 30
1218837600 26
1218924000 3
1219010400 19
1219096800 27
1219183200 29
1219269600 27
1219356000 33
1219442400 35
1219528800 11
1219615200 22
1219701600 31
1219788000 31
1219874400 30
1219960800 17
1220047200 28
1220133600 12
1220220000 9
1220306400 42
1220392800 31
1220479200 58
1220565600 25
1220652000 22
1220738400 7
1220824800 26
1220911200 44
1220997600 45
1221084000 33
1221170400 39
1221256800 28
1221343200 10
1221429600 28
1221516000 32
1221602400 41
1221688800 50
1221775200 29
1221861600 17
1221948000 18
1222034400 17
1222120800 39
1222207200 32
1222293600 41
1222380000 26
1222466400 11
1222552800 23
1222639200 25
1222725600 36
1222812000 28
1222898400 46
1222984800 31
1223071200 25
1223157600 13
1223244000 15
1223330400 25
1223416800 39
1223503200 41
1223589600 26
1223676000 15
1223762400 6
1223848800 14
1223935200 22
1224021600 43
1224108000 26
1224194400 37
1224280800 38
1224367200 22
1224453600 23
1224540000 30
1224626400 40
1224712800 36
1224799200 26
1224885600 31
1224972000 11
1225062000 6
1225148400 35
1225234800 50
1225321200 58
1225407600 23
1225494000 31
1225580400 9
1225666800 23
1225753200 36
1225839600 36
1225926000 36
1226012400 38
1226098800 45
1226185200 19
1226271600 26
1226358000 33
1226444400 31
1226530800 48
1226617200 44
1226703600 27
1226790000 8
1226876400 18
1226962800 39
1227049200 40
1227135600 24
1227222000 17
1227308400 21
1227394800 16
1227481200 22
1227567600 47
1227654000 51
1227740400 7
1227826800 58
1227913200 37
1227999600 15
1228086000 14
1228172400 48
1228258800 30
1228345200 41
1228431600 48
1228518000 41
1228604400 15
1228690800 20
1228777200 38
1228863600 33
1228950000 43
1229036400 28
1229122800 28
1229209200 14
1229295600 10
1229382000 33
1229468400 49
1229554800 57
1229641200 28
1229727600 49
1229814000 23
1229900400 18
1229986800 32
1230073200 12
1230159600 3
1230246000 44
1230332400 27
1230418800 15
1230505200 19
1230591600 34
1230678000 18
