1357081200 24
1357167600 27
1357254000 15
1357340400 17
1357426800 14
1357513200 12
1357599600 14
1357686000 14
1357772400 19
1357858800 21
1357945200 23
1358031600 20
1358118000 5
1358204400 13
1358290800 24
1358377200 10
1358463600 15
1358550000 20
1358636400 20
1358722800 9
1358809200 10
1358895600 11
1358982000 12
1359068400 17
1359154800 7
1359241200 14
1359327600 14
1359414000 10
1359500400 15
1359586800 25
1359673200 10
1359759600 21
1359846000 20
1359932400 12
1360018800 9
1360105200 13
1360191600 21
1360278000 22
1360364400 6
1360450800 11
1360537200 17
1360623600 13
1360710000 22
1360796400 22
1360882800 18
1360969200 23
1361055600 25
1361142000 23
1361228400 20
1361314800 20
1361401200 23
1361487600 21
1361574000 19
1361660400 23
1361746800 13
1361833200 9
1361919600 12
1362006000 20
1362092400 20
1362178800 18
1362265200 15
1362351600 15
1362438000 8
1362524400 10
1362610800 19
1362697200 8
1362783600 16
1362870000 27
1362956400 25
1363042800 17
1363129200 10
1363215600 16
1363302000 25
1363388400 17
1363474800 9
1363561200 8
1363647600 7
1363734000 8
1363820400 14
1363906800 14
1363993200 11
1364079600 10
1364166000 12
1364252400 7
1364338800 20
1364425200 9
1364511600 18
1364598000 9
1364684400 12
1364767200 2
1364853600 11
1364940000 9
1365026400 16
1365112800 24
1365199200 12
1365285600 14
1365372000 17
1365458400 7
1365544800 14
1365631200 16
1365717600 23
1365804000 7
1365890400 11
1365976800 8
1366063200 10
1366149600 16
1366236000 10
1366322400 16
1366408800 22
1366495200 6
1366581600 12
1366668000 5
1366754400 14
1366840800 13
1366927200 17
1367013600 8
1367100000 7
1367186400 5
1367272800 7
1367359200 7
1367445600 28
1367532000 4
1367618400 23
1367704800 7
1367791200 9
1367877600 7
1367964000 23
1368050400 16
1368136800 13
1368223200 13
1368309600 13
1368396000 15
1368482400 6
1368568800 10
1368655200 8
1368741600 21
1368828000 15
1368914400 8
1369000800 7
1369087200 7
1369173600 12
1369260000 21
1369346400 11
1369432800 9
1369519200 12
1369605600 2
1369692000 8
1369778400 8
1369864800 20
1369951200 9
1370037600 8
1370124000 12
1370210400 7
1370296800 9
1370383200 14
1370469600 12
1370556000 12
1370642400 11
1370728800 12
1370815200 10
1370901600 20
1370988000 7
1371074400 20
1371160800 13
1371247200 13
1371333600 7
1371420000 4
1371506400 7
1371592800 7
1371679200 12
1371765600 21
1371852000 9
1371938400 7
1372024800 11
1372111200 4
1372197600 25
1372284000 6
1372370400 11
1372456800 4
1372543200 6
1372629600 8
1372716000 6
1372802400 13
1372888800 19
1372975200 21
1373061600 8
1373148000 14
1373234400 12
1373320800 2
1373407200 11
1373493600 15
1373580000 8
1373666400 17
1373752800 3
1373839200 5
1373925600 1
1374012000 3
1374098400 6
1374184800 15
1374271200 3
1374357600 9
1374444000 4
1374530400 8
1374616800 3
1374703200 13
1374789600 12
1374876000 8
1374962400 7
1375048800 2
1375135200 5
1375221600 5
1375308000 8
1375394400 10
1375480800 7
1375567200 10
1375653600 1
1375740000 8
1375826400 8
1375912800 7
1375999200 10
1376085600 19
1376172000 10
1376258400 11
1376344800 4
1376431200 7
1376517600 16
1376604000 5
1376690400 12
1376776800 3
1376863200 1
1376949600 8
1377036000 4
1377122400 8
1377208800 4
1377295200 3
1377381600 6
1377468000 5
1377554400 2
1377640800 3
1377727200 6
1377813600 7
1377900000 2
1377986400 2
1378072800 4
1378245600 4
1378332000 3
1378418400 11
1378504800 3
1378591200 8
1378677600 5
1378764000 9
1378850400 4
1378936800 3
1379023200 10
1379109600 7
1379196000 4
1379282400 6
1379368800 6
1379455200 8
1379541600 7
1379628000 5
1379714400 5
1379800800 7
1379887200 2
1379973600 5
1380060000 3
1380146400 10
1380232800 4
1380319200 8
1380405600 3
1380492000 4
1380578400 3
1380664800 10
1380751200 3
1380837600 3
1380924000 8
1381010400 4
1381096800 1
1381183200 2
1381269600 9
1381356000 3
1381442400 3
1381528800 4
1381615200 4
1381701600 6
1381788000 1
1381874400 5
1381960800 8
1382047200 4
1382133600 6
1382220000 1
1382306400 3
1382392800 6
1382479200 4
1382565600 8
1382652000 1
1382738400 1
1382824800 4
1382914800 4
1383001200 1
1383087600 4
1383174000 4
1383260400 7
1383346800 9
1383433200 9
1383519600 2
1383606000 2
1383692400 13
1383778800 6
1383865200 5
1383951600 5
1384038000 2
1384124400 8
1384210800 3
1384297200 1
1384383600 4
1384470000 6
1384556400 6
1384642800 13
1384729200 2
1384815600 4
1384902000 3
1385074800 4
1385161200 7
1385247600 2
1385334000 2
1385420400 2
1385506800 5
1385593200 1
1385679600 4
1385766000 14
1385852400 2
1385938800 1
1386025200 5
1386111600 8
1386198000 5
1386284400 10
1386370800 5
1386457200 7
1386543600 3
1386630000 2
1386716400 8
1386889200 5
1386975600 7
1387062000 3
1387148400 4
1387234800 3
1387321200 4
1387407600 8
1387494000 5
1387580400 7
1387753200 3
1388098800 11
1388185200 3
1388271600 1
1388358000 1
1388444400 1
