1357081200 186
1357167600 266
1357254000 254
1357340400 285
1357426800 200
1357513200 113
1357599600 177
1357686000 275
1357772400 314
1357858800 410
1357945200 360
1358031600 288
1358118000 277
1358204400 158
1358290800 266
1358377200 267
1358463600 258
1358550000 302
1358636400 287
1358722800 215
1358809200 166
1358895600 221
1358982000 219
1359068400 268
1359154800 286
1359241200 290
1359327600 271
1359414000 161
1359500400 280
1359586800 336
1359673200 280
1359759600 316
1359846000 277
1359932400 188
1360018800 123
1360105200 247
1360191600 250
1360278000 252
1360364400 183
1360450800 137
1360537200 183
1360623600 121
1360710000 266
1360796400 285
1360882800 286
1360969200 363
1361055600 316
1361142000 171
1361228400 176
1361314800 195
1361401200 287
1361487600 313
1361574000 427
1361660400 338
1361746800 228
1361833200 181
1361919600 281
1362006000 349
1362092400 401
1362178800 342
1362265200 300
1362351600 191
1362438000 232
1362524400 237
1362610800 293
1362697200 254
1362783600 268
1362870000 343
1362956400 232
1363042800 165
1363129200 197
1363215600 315
1363302000 223
1363388400 170
1363474800 200
1363561200 184
1363647600 70
1363734000 161
1363820400 246
1363906800 213
1363993200 181
1364079600 153
1364166000 111
1364252400 85
1364338800 177
1364425200 135
1364511600 178
1364598000 149
1364684400 163
1364767200 76
1364853600 80
1364940000 137
1365026400 154
1365112800 185
1365199200 227
1365285600 219
1365372000 107
1365458400 112
1365544800 190
1365631200 173
1365717600 211
1365804000 186
1365890400 205
1365976800 97
1366063200 105
1366149600 166
1366236000 164
1366322400 220
1366408800 268
1366495200 213
1366581600 129
1366668000 126
1366754400 153
1366840800 216
1366927200 223
1367013600 190
1367100000 191
1367186400 132
1367272800 123
1367359200 228
1367445600 180
1367532000 153
1367618400 203
1367704800 158
1367791200 162
1367877600 112
1367964000 172
1368050400 175
1368136800 237
1368223200 262
1368309600 159
1368396000 99
1368482400 93
1368568800 174
1368655200 197
1368741600 218
1368828000 148
1368914400 235
1369000800 111
1369087200 151
1369173600 194
1369260000 207
1369346400 212
1369432800 196
1369519200 222
1369605600 138
1369692000 72
1369778400 142
1369864800 150
1369951200 179
1370037600 186
1370124000 134
1370210400 94
1370296800 101
1370383200 157
1370469600 172
1370556000 141
1370642400 132
1370728800 138
1370815200 112
1370901600 140
1370988000 158
1371074400 166
1371160800 133
1371247200 193
1371333600 178
1371420000 114
1371506400 89
1371592800 158
1371679200 185
1371765600 175
1371852000 193
1371938400 143
1372024800 109
1372111200 137
1372197600 202
1372284000 138
1372370400 120
1372456800 149
1372543200 109
1372629600 103
1372716000 105
1372802400 90
1372888800 107
1372975200 82
1373061600 108
1373148000 107
1373234400 79
1373320800 58
1373407200 108
1373493600 117
1373580000 94
1373666400 129
1373752800 82
1373839200 69
1373925600 40
1374012000 68
1374098400 87
1374184800 100
1374271200 102
1374357600 75
1374444000 73
1374530400 56
1374616800 77
1374703200 102
1374789600 84
1374876000 115
1374962400 121
1375048800 66
1375135200 63
1375221600 110
1375308000 148
1375394400 56
1375480800 75
1375567200 96
1375653600 45
1375740000 59
1375826400 80
1375912800 85
1375999200 85
1376085600 118
1376172000 113
1376258400 71
1376344800 37
1376431200 51
1376517600 88
1376604000 47
1376690400 48
1376776800 51
1376863200 27
1376949600 49
1377036000 50
1377122400 84
1377208800 53
1377295200 39
1377381600 40
1377468000 28
1377554400 32
1377640800 35
1377727200 61
1377813600 48
1377900000 33
1377986400 26
1378072800 26
1378159200 12
1378245600 28
1378332000 28
1378418400 42
1378504800 33
1378591200 27
1378677600 26
1378764000 31
1378850400 16
1378936800 62
1379023200 42
1379109600 42
1379196000 43
1379282400 19
1379368800 32
1379455200 53
1379541600 48
1379628000 49
1379714400 41
1379800800 52
1379887200 13
1379973600 39
1380060000 28
1380146400 58
1380232800 52
1380319200 68
1380405600 70
1380492000 20
1380578400 41
1380664800 27
1380751200 39
1380837600 44
1380924000 62
1381010400 35
1381096800 28
1381183200 22
1381269600 61
1381356000 51
1381442400 36
1381528800 48
1381615200 38
1381701600 19
1381788000 23
1381874400 45
1381960800 47
1382047200 41
1382133600 60
1382220000 20
1382306400 14
1382392800 25
1382479200 53
1382565600 70
1382652000 33
1382738400 32
1382824800 38
1382914800 27
1383001200 18
1383087600 69
1383174000 45
1383260400 48
1383346800 66
1383433200 34
1383519600 18
1383606000 20
1383692400 47
1383778800 46
1383865200 55
1383951600 62
1384038000 33
1384124400 37
1384210800 36
1384297200 45
1384383600 50
1384470000 42
1384556400 64
1384642800 59
1384729200 24
1384815600 27
1384902000 40
1384988400 61
1385074800 53
1385161200 47
1385247600 34
1385334000 19
1385420400 31
1385506800 50
1385593200 51
1385679600 20
1385766000 69
1385852400 59
1385938800 21
1386025200 32
1386111600 62
1386198000 68
1386284400 46
1386370800 31
1386457200 43
1386543600 19
1386630000 31
1386716400 48
1386802800 42
1386889200 40
1386975600 50
1387062000 17
1387148400 14
1387234800 34
1387321200 30
1387407600 56
1387494000 52
1387580400 63
1387666800 31
1387753200 23
1387839600 22
1387926000 12
1388012400 8
1388098800 67
1388185200 60
1388271600 52
1388358000 21
1388444400 25
