1136156400 4
1136242800 3
1136329200 5
1136415600 10
1136502000 3
1136588400 7
1136674800 6
1136761200 7
1136847600 9
1136934000 10
1137020400 20
1137106800 16
1137193200 11
1137279600 8
1137366000 7
1137452400 4
1137538800 8
1137625200 11
1137711600 15
1137798000 9
1137884400 15
1137970800 7
1138057200 10
1138143600 13
1138230000 8
1138316400 14
1138402800 13
1138489200 4
1138575600 4
1138662000 8
1138748400 9
1138834800 19
1138921200 12
1139007600 16
1139094000 5
1139180400 2
1139266800 8
1139353200 11
1139439600 17
1139526000 10
1139612400 12
1139698800 5
1139785200 2
1139871600 8
1139958000 10
1140044400 15
1140130800 19
1140217200 13
1140303600 12
1140390000 10
1140476400 7
1140562800 10
1140649200 15
1140735600 14
1140822000 15
1140908400 11
1140994800 7
1141081200 8
1141167600 19
1141254000 14
1141340400 10
1141426800 9
1141513200 14
1141599600 9
1141686000 2
1141772400 10
1141858800 15
1141945200 8
1142031600 12
1142118000 5
1142204400 7
1142290800 11
1142377200 15
1142463600 13
1142550000 16
1142636400 7
1142722800 9
1142809200 5
1142895600 16
1142982000 17
1143068400 11
1143154800 9
1143241200 7
1143327600 4
1143410400 9
1143496800 6
1143583200 10
1143669600 20
1143756000 7
1143842400 18
1143928800 19
1144015200 6
1144101600 8
1144188000 9
1144274400 11
1144360800 12
1144447200 13
1144533600 9
1144620000 7
1144706400 9
1144792800 9
1144879200 19
1144965600 8
1145052000 10
1145138400 10
1145224800 3
1145311200 10
1145397600 11
1145484000 11
1145570400 7
1145656800 11
1145743200 7
1145829600 2
1145916000 11
1146002400 9
1146088800 12
1146175200 8
1146261600 11
1146348000 7
1146434400 4
1146520800 13
1146607200 11
1146693600 15
1146780000 8
1146866400 8
1146952800 8
1147039200 5
1147125600 17
1147212000 11
1147298400 13
1147384800 16
1147471200 10
1147557600 15
1147644000 2
1147730400 11
1147816800 5
1147903200 22
1147989600 12
1148076000 13
1148162400 10
1148248800 4
1148335200 6
1148421600 11
1148508000 17
1148594400 20
1148680800 19
1148767200 9
1148853600 5
1148940000 9
1149026400 5
1149112800 12
1149199200 14
1149285600 10
1149372000 15
1149458400 10
1149544800 8
1149631200 26
1149717600 20
1149804000 13
1149890400 13
1149976800 7
1150063200 7
1150149600 12
1150236000 19
1150322400 16
1150408800 14
1150495200 17
1150581600 6
1150668000 3
1150754400 11
1150840800 10
1150927200 22
1151013600 18
1151100000 8
1151186400 5
1151272800 6
1151359200 4
1151445600 15
1151532000 12
1151618400 3
1151704800 9
1151791200 9
1151877600 11
1151964000 10
1152050400 7
1152136800 6
1152223200 16
1152309600 8
1152396000 7
1152482400 5
1152568800 7
1152655200 18
1152741600 16
1152828000 15
1152914400 8
1153000800 4
1153087200 6
1153173600 14
1153260000 7
1153346400 18
1153432800 17
1153519200 12
1153605600 9
1153692000 4
1153778400 14
1153864800 14
1153951200 13
1154037600 6
1154124000 1
1154210400 9
1154296800 5
1154383200 8
1154469600 14
1154556000 14
1154642400 10
1154728800 11
1154815200 16
1154901600 16
1154988000 10
1155074400 18
1155160800 8
1155247200 19
1155333600 6
1155420000 9
1155506400 11
1155592800 11
1155679200 12
1155765600 7
1155852000 12
1155938400 9
1156024800 11
1156111200 6
1156197600 9
1156284000 15
1156370400 24
1156456800 18
1156543200 4
1156629600 6
1156716000 12
1156802400 12
1156888800 19
1156975200 16
1157061600 11
1157148000 9
1157234400 5
1157320800 5
1157407200 5
1157493600 18
1157580000 18
1157666400 13
1157752800 6
1157839200 10
1157925600 13
1158012000 15
1158098400 11
1158184800 8
1158271200 13
1158357600 4
1158444000 17
1158530400 11
1158616800 14
1158703200 11
1158789600 16
1158876000 13
1158962400 7
1159048800 19
1159135200 4
1159221600 12
1159308000 16
1159394400 15
1159480800 10
1159567200 9
1159653600 9
1159740000 6
1159826400 9
1159912800 12
1159999200 14
1160085600 20
1160172000 16
1160258400 9
1160344800 18
1160431200 10
1160517600 14
1160604000 18
1160690400 8
1160776800 7
1160863200 5
1160949600 6
1161036000 12
1161122400 12
1161208800 15
1161295200 15
1161381600 7
1161468000 9
1161554400 4
1161640800 11
1161727200 14
1161813600 18
1161900000 17
1161986400 15
1162072800 9
1162162800 8
1162249200 7
1162335600 14
1162422000 9
1162508400 5
1162594800 4
1162681200 9
1162767600 8
1162854000 2
1162940400 6
1163026800 5
1163113200 8
1163199600 17
1163286000 14
1163372400 4
1163458800 12
1163545200 13
1163631600 11
1163718000 10
1163804400 14
1163890800 15
1163977200 8
1164063600 9
1164150000 14
1164236400 7
1164322800 4
1164409200 5
1164495600 10
1164582000 10
1164668400 5
1164754800 14
1164841200 9
1164927600 11
1165014000 9
1165100400 9
1165186800 5
1165273200 10
1165359600 13
1165446000 14
1165532400 24
1165618800 14
1165705200 7
1165791600 7
1165878000 8
1165964400 6
1166050800 8
1166137200 10
1166223600 7
1166310000 10
1166396400 11
1166482800 4
1166569200 5
1166655600 5
1166742000 6
1166828400 6
1166914800 7
1167001200 5
1167087600 1
1167174000 10
1167260400 6
1167346800 10
1167433200 9
1167519600 9
