1136156400 76
1136242800 99
1136329200 128
1136415600 163
1136502000 160
1136588400 180
1136674800 145
1136761200 97
1136847600 158
1136934000 266
1137020400 266
1137106800 353
1137193200 285
1137279600 196
1137366000 126
1137452400 178
1137538800 253
1137625200 231
1137711600 250
1137798000 272
1137884400 253
1137970800 178
1138057200 194
1138143600 222
1138230000 273
1138316400 227
1138402800 213
1138489200 254
1138575600 137
1138662000 149
1138748400 196
1138834800 266
1138921200 236
1139007600 323
1139094000 246
1139180400 188
1139266800 195
1139353200 341
1139439600 301
1139526000 299
1139612400 220
1139698800 219
1139785200 84
1139871600 118
1139958000 171
1140044400 278
1140130800 369
1140217200 338
1140303600 250
1140390000 202
1140476400 237
1140562800 281
1140649200 286
1140735600 204
1140822000 232
1140908400 278
1140994800 177
1141081200 146
1141167600 233
1141254000 231
1141340400 218
1141426800 238
1141513200 294
1141599600 238
1141686000 316
1141772400 289
1141858800 281
1141945200 232
1142031600 286
1142118000 299
1142204400 278
1142290800 234
1142377200 283
1142463600 277
1142550000 241
1142636400 195
1142722800 260
1142809200 221
1142895600 185
1142982000 245
1143068400 202
1143154800 229
1143241200 212
1143327600 221
1143410400 159
1143496800 202
1143583200 227
1143669600 230
1143756000 240
1143842400 208
1143928800 229
1144015200 163
1144101600 152
1144188000 248
1144274400 171
1144360800 198
1144447200 244
1144533600 192
1144620000 187
1144706400 134
1144792800 225
1144879200 241
1144965600 208
1145052000 260
1145138400 246
1145224800 133
1145311200 195
1145397600 176
1145484000 211
1145570400 180
1145656800 214
1145743200 179
1145829600 153
1145916000 158
1146002400 199
1146088800 224
1146175200 247
1146261600 277
1146348000 233
1146434400 159
1146520800 155
1146607200 279
1146693600 236
1146780000 193
1146866400 250
1146952800 235
1147039200 178
1147125600 165
1147212000 191
1147298400 235
1147384800 230
1147471200 291
1147557600 282
1147644000 174
1147730400 181
1147816800 290
1147903200 224
1147989600 284
1148076000 334
1148162400 246
1148248800 172
1148335200 154
1148421600 244
1148508000 278
1148594400 243
1148680800 274
1148767200 244
1148853600 148
1148940000 177
1149026400 249
1149112800 238
1149199200 233
1149285600 250
1149372000 210
1149458400 164
1149544800 140
1149631200 317
1149717600 222
1149804000 244
1149890400 256
1149976800 260
1150063200 146
1150149600 167
1150236000 270
1150322400 276
1150408800 364
1150495200 296
1150581600 264
1150668000 117
1150754400 160
1150840800 218
1150927200 210
1151013600 221
1151100000 160
1151186400 158
1151272800 171
1151359200 114
1151445600 200
1151532000 151
1151618400 165
1151704800 176
1151791200 139
1151877600 112
1151964000 109
1152050400 116
1152136800 136
1152223200 186
1152309600 231
1152396000 223
1152482400 157
1152568800 165
1152655200 196
1152741600 203
1152828000 232
1152914400 244
1153000800 181
1153087200 136
1153173600 128
1153260000 122
1153346400 223
1153432800 195
1153519200 190
1153605600 177
1153692000 129
1153778400 170
1153864800 167
1153951200 199
1154037600 200
1154124000 143
1154210400 199
1154296800 159
1154383200 144
1154469600 224
1154556000 168
1154642400 224
1154728800 261
1154815200 211
1154901600 204
1154988000 161
1155074400 234
1155160800 216
1155247200 271
1155333600 262
1155420000 232
1155506400 195
1155592800 125
1155679200 219
1155765600 168
1155852000 197
1155938400 239
1156024800 181
1156111200 193
1156197600 145
1156284000 231
1156370400 286
1156456800 163
1156543200 199
1156629600 208
1156716000 218
1156802400 181
1156888800 228
1156975200 194
1157061600 200
1157148000 222
1157234400 175
1157320800 197
1157407200 123
1157493600 199
1157580000 280
1157666400 201
1157752800 177
1157839200 195
1157925600 160
1158012000 146
1158098400 173
1158184800 266
1158271200 208
1158357600 233
1158444000 233
1158530400 133
1158616800 135
1158703200 233
1158789600 199
1158876000 224
1158962400 213
1159048800 234
1159135200 192
1159221600 218
1159308000 265
1159394400 185
1159480800 221
1159567200 217
1159653600 280
1159740000 142
1159826400 210
1159912800 218
1159999200 196
1160085600 212
1160172000 328
1160258400 272
1160344800 255
1160431200 200
1160517600 280
1160604000 191
1160690400 229
1160776800 282
1160863200 231
1160949600 172
1161036000 183
1161122400 206
1161208800 232
1161295200 213
1161381600 271
1161468000 269
1161554400 208
1161640800 154
1161727200 204
1161813600 240
1161900000 228
1161986400 202
1162072800 206
1162162800 158
1162249200 109
1162335600 235
1162422000 150
1162508400 148
1162594800 167
1162681200 217
1162767600 133
1162854000 158
1162940400 190
1163026800 165
1163113200 242
1163199600 236
1163286000 263
1163372400 117
1163458800 125
1163545200 228
1163631600 197
1163718000 187
1163804400 229
1163890800 321
1163977200 210
1164063600 153
1164150000 214
1164236400 154
1164322800 73
1164409200 189
1164495600 264
1164582000 190
1164668400 154
1164754800 203
1164841200 178
1164927600 205
1165014000 249
1165100400 276
1165186800 144
1165273200 143
1165359600 169
1165446000 198
1165532400 191
1165618800 255
1165705200 274
1165791600 193
1165878000 140
1165964400 208
1166050800 187
1166137200 174
1166223600 240
1166310000 204
1166396400 159
1166482800 155
1166569200 175
1166655600 159
1166742000 110
1166828400 136
1166914800 187
1167001200 98
1167087600 27
1167174000 123
1167260400 171
1167346800 200
1167433200 234
1167519600 182
