1293922800 24
1294009200 13
1294095600 18
1294182000 31
1294268400 30
1294354800 34
1294441200 34
1294527600 27
1294614000 18
1294700400 11
1294786800 22
1294873200 16
1294959600 42
1295046000 23
1295132400 35
1295218800 19
1295305200 27
1295391600 32
1295478000 37
1295564400 39
1295650800 35
1295737200 35
1295823600 13
1295910000 15
1295996400 40
1296082800 19
1296169200 16
1296255600 32
1296342000 23
1296428400 25
1296514800 13
1296601200 33
1296687600 34
1296774000 48
1296860400 30
1296946800 38
1297033200 20
1297119600 19
1297206000 31
1297292400 27
1297378800 23
1297465200 39
1297551600 42
1297638000 25
1297724400 23
1297810800 33
1297897200 44
1297983600 33
1298070000 42
1298156400 20
1298242800 25
1298329200 21
1298415600 37
1298502000 40
1298588400 33
1298674800 36
1298761200 32
1298847600 16
1298934000 15
1299020400 31
1299106800 43
1299193200 35
1299279600 32
1299366000 38
1299452400 19
1299538800 20
1299625200 37
1299711600 40
1299798000 23
1299884400 39
1299970800 34
1300057200 24
1300143600 17
1300230000 30
1300316400 27
1300402800 37
1300489200 28
1300575600 24
1300662000 13
1300748400 18
1300834800 31
1300921200 31
1301007600 44
1301094000 38
1301180400 22
1301263200 18
1301349600 12
1301436000 28
1301522400 35
1301608800 29
1301695200 32
1301781600 31
1301868000 17
1301954400 24
1302040800 41
1302127200 46
1302213600 51
1302300000 39
1302386400 36
1302472800 17
1302559200 36
1302645600 26
1302732000 27
1302818400 37
1302904800 44
1302991200 28
1303077600 13
1303164000 21
1303250400 24
1303336800 44
1303423200 24
1303509600 36
1303596000 25
1303682400 7
1303768800 17
1303855200 33
1303941600 42
1304028000 27
1304114400 35
1304200800 23
1304287200 13
1304373600 19
1304460000 35
1304546400 44
1304632800 24
1304719200 15
1304805600 21
1304892000 18
1304978400 21
1305064800 33
1305151200 41
1305237600 30
1305324000 40
1305410400 32
1305496800 19
1305583200 24
1305669600 32
1305756000 33
1305842400 28
1305928800 57
1306015200 29
1306101600 24
1306188000 14
1306274400 39
1306360800 23
1306447200 34
1306533600 26
1306620000 34
1306706400 8
1306792800 17
1306879200 26
1306965600 38
1307052000 38
1307138400 28
1307224800 12
1307311200 18
1307397600 20
1307484000 34
1307570400 38
1307656800 25
1307743200 31
1307829600 23
1307916000 29
1308002400 16
1308088800 35
1308175200 27
1308261600 26
1308348000 21
1308434400 26
1308520800 12
1308607200 16
1308693600 30
1308780000 31
1308866400 33
1308952800 22
1309039200 24
1309125600 19
1309212000 12
1309298400 29
1309384800 25
1309471200 24
1309557600 26
1309644000 25
1309730400 12
1309816800 15
1309903200 33
1309989600 32
1310076000 33
1310162400 42
1310248800 32
1310335200 24
1310421600 22
1310508000 39
1310594400 31
1310680800 49
1310767200 36
1310853600 35
1310940000 7
1311026400 14
1311112800 24
1311199200 37
1311285600 22
1311372000 22
1311458400 26
1311544800 8
1311631200 5
1311717600 17
1311804000 25
1311890400 31
1311976800 22
1312063200 28
1312149600 18
1312236000 18
1312322400 27
1312408800 20
1312495200 24
1312581600 25
1312668000 15
1312754400 17
1312840800 9
1312927200 26
1313013600 44
1313100000 34
1313186400 21
1313272800 23
1313359200 15
1313445600 13
1313532000 33
1313618400 36
1313704800 32
1313791200 35
1313877600 31
1313964000 11
1314050400 27
1314136800 37
1314223200 25
1314309600 33
1314396000 33
1314482400 13
1314568800 2
1314655200 12
1314741600 23
1314828000 31
1314914400 26
1315000800 23
1315087200 26
1315173600 23
1315260000 12
1315346400 14
1315432800 27
1315519200 27
1315605600 35
1315692000 31
1315778400 17
1315864800 7
1315951200 21
1316037600 19
1316124000 18
1316210400 13
1316296800 19
1316383200 10
1316469600 18
1316556000 41
1316642400 25
1316728800 52
1316815200 39
1316901600 15
1316988000 20
1317074400 8
1317160800 23
1317247200 24
1317333600 30
1317420000 31
1317506400 16
1317592800 16
1317679200 19
1317765600 27
1317852000 43
1317938400 31
1318024800 25
1318111200 31
1318197600 18
1318284000 11
1318370400 30
1318456800 29
1318543200 31
1318629600 24
1318716000 14
1318802400 27
1318888800 15
1318975200 20
1319061600 28
1319148000 28
1319234400 43
1319320800 22
1319407200 10
1319493600 10
1319580000 35
1319666400 39
1319752800 34
1319839200 28
1319925600 22
1320015600 19
1320102000 18
1320188400 25
1320274800 33
1320361200 27
1320447600 31
1320534000 12
1320620400 20
1320706800 12
1320793200 27
1320879600 39
1320966000 48
1321052400 25
1321138800 21
1321225200 16
1321311600 16
1321398000 23
1321484400 25
1321570800 28
1321657200 40
1321743600 24
1321830000 17
1321916400 14
1322002800 14
1322089200 27
1322175600 6
1322262000 26
1322348400 30
1322434800 10
1322521200 11
1322607600 29
1322694000 27
1322780400 31
1322866800 29
1322953200 20
1323039600 24
1323126000 13
1323212400 19
1323298800 15
1323385200 35
1323471600 20
1323558000 19
1323644400 13
1323730800 22
1323817200 30
1323903600 35
1323990000 63
1324076400 33
1324162800 40
1324249200 9
1324335600 8
1324422000 24
1324508400 14
1324594800 29
1324681200 23
1324767600 7
1324854000 8
1324940400 4
1325026800 14
1325113200 26
1325199600 27
1325286000 29
