1293922800 261
1294009200 278
1294095600 178
1294182000 377
1294268400 498
1294354800 557
1294441200 509
1294527600 393
1294614000 235
1294700400 246
1294786800 385
1294873200 278
1294959600 476
1295046000 521
1295132400 542
1295218800 304
1295305200 336
1295391600 374
1295478000 615
1295564400 574
1295650800 526
1295737200 563
1295823600 316
1295910000 298
1295996400 504
1296082800 343
1296169200 298
1296255600 479
1296342000 566
1296428400 331
1296514800 345
1296601200 335
1296687600 479
1296774000 558
1296860400 512
1296946800 467
1297033200 333
1297119600 284
1297206000 408
1297292400 516
1297378800 521
1297465200 661
1297551600 521
1297638000 375
1297724400 303
1297810800 423
1297897200 549
1297983600 428
1298070000 666
1298156400 459
1298242800 406
1298329200 253
1298415600 403
1298502000 509
1298588400 559
1298674800 441
1298761200 503
1298847600 360
1298934000 313
1299020400 397
1299106800 535
1299193200 533
1299279600 533
1299366000 481
1299452400 230
1299538800 232
1299625200 508
1299711600 470
1299798000 434
1299884400 616
1299970800 516
1300057200 348
1300143600 281
1300230000 514
1300316400 487
1300402800 508
1300489200 470
1300575600 504
1300662000 457
1300748400 266
1300834800 490
1300921200 359
1301007600 472
1301094000 593
1301180400 510
1301263200 427
1301349600 284
1301436000 484
1301522400 529
1301608800 438
1301695200 511
1301781600 529
1301868000 432
1301954400 294
1302040800 474
1302127200 498
1302213600 553
1302300000 596
1302386400 527
1302472800 380
1302559200 333
1302645600 366
1302732000 497
1302818400 498
1302904800 660
1302991200 437
1303077600 406
1303164000 274
1303250400 374
1303336800 559
1303423200 537
1303509600 625
1303596000 507
1303682400 225
1303768800 273
1303855200 471
1303941600 586
1304028000 595
1304114400 609
1304200800 588
1304287200 394
1304373600 307
1304460000 373
1304546400 456
1304632800 549
1304719200 549
1304805600 644
1304892000 344
1304978400 281
1305064800 454
1305151200 599
1305237600 557
1305324000 675
1305410400 590
1305496800 429
1305583200 305
1305669600 388
1305756000 441
1305842400 531
1305928800 572
1306015200 483
1306101600 413
1306188000 325
1306274400 496
1306360800 528
1306447200 500
1306533600 470
1306620000 497
1306706400 446
1306792800 225
1306879200 463
1306965600 521
1307052000 488
1307138400 569
1307224800 479
1307311200 401
1307397600 329
1307484000 361
1307570400 492
1307656800 291
1307743200 542
1307829600 447
1307916000 404
1308002400 267
1308088800 405
1308175200 479
1308261600 510
1308348000 544
1308434400 538
1308520800 345
1308607200 278
1308693600 452
1308780000 386
1308866400 479
1308952800 547
1309039200 494
1309125600 341
1309212000 210
1309298400 396
1309384800 397
1309471200 519
1309557600 445
1309644000 444
1309730400 346
1309816800 276
1309903200 456
1309989600 464
1310076000 363
1310162400 460
1310248800 449
1310335200 390
1310421600 247
1310508000 339
1310594400 433
1310680800 343
1310767200 463
1310853600 482
1310940000 254
1311026400 211
1311112800 361
1311199200 429
1311285600 430
1311372000 428
1311458400 457
1311544800 314
1311631200 174
1311717600 338
1311804000 532
1311890400 439
1311976800 547
1312063200 487
1312149600 298
1312236000 288
1312322400 348
1312408800 455
1312495200 403
1312581600 526
1312668000 396
1312754400 242
1312840800 376
1312927200 314
1313013600 519
1313100000 400
1313186400 424
1313272800 362
1313359200 142
1313445600 371
1313532000 498
1313618400 458
1313704800 442
1313791200 499
1313877600 333
1313964000 261
1314050400 514
1314136800 423
1314223200 424
1314309600 467
1314396000 439
1314482400 174
1314568800 80
1314655200 264
1314741600 359
1314828000 431
1314914400 423
1315000800 481
1315087200 495
1315173600 372
1315260000 202
1315346400 209
1315432800 270
1315519200 372
1315605600 440
1315692000 303
1315778400 193
1315864800 221
1315951200 214
1316037600 369
1316124000 358
1316210400 447
1316296800 363
1316383200 211
1316469600 274
1316556000 456
1316642400 456
1316728800 554
1316815200 425
1316901600 478
1316988000 251
1317074400 321
1317160800 519
1317247200 532
1317333600 486
1317420000 515
1317506400 351
1317592800 241
1317679200 370
1317765600 475
1317852000 513
1317938400 595
1318024800 575
1318111200 463
1318197600 217
1318284000 181
1318370400 470
1318456800 504
1318543200 443
1318629600 291
1318716000 221
1318802400 295
1318888800 341
1318975200 454
1319061600 408
1319148000 527
1319234400 548
1319320800 416
1319407200 345
1319493600 338
1319580000 421
1319666400 604
1319752800 392
1319839200 565
1319925600 433
1320015600 474
1320102000 729
1320188400 510
1320274800 626
1320361200 555
1320447600 602
1320534000 496
1320620400 355
1320706800 357
1320793200 319
1320879600 625
1320966000 544
1321052400 497
1321138800 489
1321225200 307
1321311600 279
1321398000 318
1321484400 330
1321570800 282
1321657200 489
1321743600 511
1321830000 247
1321916400 270
1322002800 267
1322089200 333
1322175600 118
1322262000 364
1322348400 551
1322434800 248
1322521200 272
1322607600 414
1322694000 475
1322780400 372
1322866800 507
1322953200 495
1323039600 286
1323126000 242
1323212400 381
1323298800 378
1323385200 468
1323471600 519
1323558000 472
1323644400 311
1323730800 278
1323817200 449
1323903600 538
1323990000 580
1324076400 515
1324162800 429
1324249200 323
1324335600 173
1324422000 471
1324508400 487
1324594800 481
1324681200 421
1324767600 106
1324854000 46
1324940400 142
1325026800 343
1325113200 524
1325199600 418
1325286000 457
