1136156400 3
1136242800 6
1136329200 5
1136415600 5
1136502000 10
1136588400 11
1136674800 6
1136761200 9
1136847600 12
1136934000 13
1137020400 7
1137106800 7
1137193200 26
1137279600 3
1137366000 9
1137452400 4
1137538800 12
1137625200 15
1137711600 16
1137798000 5
1137884400 5
1137970800 3
1138057200 7
1138143600 16
1138230000 13
1138316400 4
1138402800 14
1138489200 10
1138575600 10
1138662000 8
1138748400 14
1138834800 17
1138921200 10
1139007600 19
1139094000 12
1139180400 6
1139266800 8
1139353200 11
1139439600 12
1139526000 15
1139612400 16
1139698800 13
1139785200 4
1139871600 9
1139958000 19
1140044400 19
1140130800 13
1140217200 21
1140303600 13
1140390000 12
1140476400 13
1140562800 9
1140649200 15
1140735600 11
1140822000 15
1140908400 10
1140994800 8
1141081200 6
1141167600 17
1141254000 20
1141340400 24
1141426800 16
1141513200 6
1141599600 9
1141686000 11
1141772400 9
1141858800 17
1141945200 17
1142031600 18
1142118000 6
1142204400 10
1142290800 14
1142377200 16
1142463600 31
1142550000 18
1142636400 5
1142722800 10
1142809200 12
1142895600 9
1142982000 18
1143068400 25
1143154800 14
1143241200 16
1143327600 7
1143410400 4
1143496800 9
1143583200 15
1143669600 12
1143756000 15
1143842400 8
1143928800 8
1144015200 13
1144101600 6
1144188000 23
1144274400 15
1144360800 7
1144447200 32
1144533600 12
1144620000 8
1144706400 11
1144792800 21
1144879200 11
1144965600 13
1145052000 14
1145138400 15
1145224800 10
1145311200 12
1145397600 7
1145484000 11
1145570400 8
1145656800 5
1145743200 17
1145829600 7
1145916000 13
1146002400 19
1146088800 10
1146175200 13
1146261600 11
1146348000 16
1146434400 6
1146520800 12
1146607200 11
1146693600 11
1146780000 13
1146866400 11
1146952800 15
1147039200 5
1147125600 13
1147212000 14
1147298400 24
1147384800 17
1147471200 21
1147557600 8
1147644000 5
1147730400 2
1147816800 17
1147903200 23
1147989600 15
1148076000 16
1148162400 14
1148248800 7
1148335200 5
1148421600 14
1148508000 10
1148594400 19
1148680800 10
1148767200 11
1148853600 4
1148940000 2
1149026400 10
1149112800 21
1149199200 17
1149285600 17
1149372000 9
1149458400 9
1149544800 16
1149631200 15
1149717600 10
1149804000 12
1149890400 9
1149976800 13
1150063200 5
1150149600 19
1150236000 21
1150322400 13
1150408800 16
1150495200 9
1150581600 9
1150668000 2
1150754400 8
1150840800 20
1150927200 33
1151013600 11
1151100000 9
1151186400 11
1151272800 6
1151359200 11
1151445600 9
1151532000 16
1151618400 13
1151704800 8
1151791200 11
1151877600 11
1151964000 6
1152050400 12
1152136800 12
1152223200 15
1152309600 16
1152396000 11
1152482400 7
1152568800 14
1152655200 9
1152741600 13
1152828000 16
1152914400 11
1153000800 7
1153087200 10
1153173600 8
1153260000 4
1153346400 10
1153432800 6
1153519200 6
1153605600 8
1153692000 3
1153778400 3
1153864800 12
1153951200 6
1154037600 13
1154124000 15
1154210400 8
1154296800 8
1154383200 16
1154469600 24
1154556000 16
1154642400 28
1154728800 23
1154815200 17
1154901600 4
1154988000 6
1155074400 24
1155160800 35
1155247200 13
1155333600 18
1155420000 22
1155506400 12
1155592800 9
1155679200 23
1155765600 13
1155852000 13
1155938400 16
1156024800 12
1156111200 13
1156197600 9
1156284000 19
1156370400 9
1156456800 15
1156543200 17
1156629600 15
1156716000 3
1156802400 8
1156888800 8
1156975200 8
1157061600 9
1157148000 18
1157234400 11
1157320800 6
1157407200 11
1157493600 12
1157580000 10
1157666400 5
1157752800 18
1157839200 13
1157925600 7
1158012000 6
1158098400 6
1158184800 22
1158271200 5
1158357600 9
1158444000 10
1158530400 6
1158616800 5
1158703200 16
1158789600 29
1158876000 17
1158962400 16
1159048800 18
1159135200 8
1159221600 6
1159308000 19
1159394400 15
1159480800 14
1159567200 8
1159653600 11
1159740000 8
1159826400 5
1159912800 14
1159999200 13
1160085600 10
1160172000 12
1160258400 9
1160344800 4
1160431200 6
1160517600 17
1160604000 10
1160690400 13
1160776800 10
1160863200 11
1160949600 8
1161036000 13
1161122400 17
1161208800 11
1161295200 20
1161381600 15
1161468000 10
1161554400 5
1161640800 9
1161727200 12
1161813600 19
1161900000 18
1161986400 9
1162072800 7
1162162800 7
1162249200 2
1162335600 15
1162422000 13
1162508400 16
1162594800 11
1162681200 12
1162767600 7
1162854000 5
1162940400 13
1163026800 15
1163113200 11
1163199600 10
1163286000 7
1163372400 12
1163458800 2
1163545200 12
1163631600 12
1163718000 11
1163804400 6
1163890800 7
1163977200 9
1164063600 10
1164150000 8
1164236400 11
1164409200 8
1164495600 5
1164582000 5
1164668400 10
1164754800 13
1164841200 11
1164927600 4
1165014000 13
1165100400 12
1165186800 3
1165273200 9
1165359600 9
1165446000 6
1165532400 6
1165618800 13
1165705200 2
1165791600 6
1165878000 8
1165964400 13
1166050800 6
1166137200 9
1166223600 9
1166310000 9
1166396400 6
1166482800 4
1166569200 12
1166655600 15
1166742000 19
1166828400 5
1166914800 2
1167001200 1
1167087600 2
1167174000 17
1167260400 7
1167346800 11
1167433200 11
1167519600 7
