1136070000 15
1136156400 16
1136242800 34
1136329200 23
1136415600 40
1136502000 32
1136588400 14
1136674800 20
1136761200 34
1136847600 58
1136934000 35
1137020400 29
1137106800 39
1137193200 14
1137279600 16
1137366000 25
1137452400 34
1137538800 25
1137625200 34
1137711600 21
1137798000 21
1137884400 19
1137970800 18
1138057200 36
1138143600 55
1138230000 44
1138316400 39
1138402800 20
1138489200 17
1138575600 28
1138662000 43
1138748400 35
1138834800 35
1138921200 15
1139007600 23
1139094000 17
1139180400 25
1139266800 33
1139353200 24
1139439600 27
1139526000 45
1139612400 14
1139698800 9
1139785200 16
1139871600 26
1139958000 64
1140044400 56
1140130800 25
1140217200 21
1140303600 13
1140390000 30
1140476400 45
1140562800 34
1140649200 35
1140735600 14
1140822000 24
1140908400 11
1140994800 19
1141081200 42
1141167600 32
1141254000 17
1141340400 23
1141426800 25
1141513200 15
1141599600 23
1141686000 56
1141772400 40
1141858800 32
1141945200 45
1142031600 24
1142118000 12
1142204400 12
1142290800 16
1142377200 21
1142463600 22
1142550000 17
1142636400 9
1142722800 28
1142809200 23
1142895600 22
1142982000 24
1143068400 35
1143154800 18
1143241200 25
1143327600 5
1143410400 18
1143496800 37
1143583200 35
1143669600 17
1143756000 14
1143842400 10
1143928800 5
1144015200 26
1144101600 36
1144188000 34
1144274400 26
1144360800 15
1144447200 24
1144533600 27
1144620000 11
1144706400 28
1144792800 36
1144879200 33
1144965600 19
1145052000 14
1145138400 3
1145224800 21
1145311200 24
1145397600 44
1145484000 23
1145570400 30
1145656800 18
1145743200 16
1145829600 21
1145916000 29
1146002400 34
1146088800 34
1146175200 17
1146261600 21
1146348000 18
1146434400 7
1146520800 23
1146607200 19
1146693600 18
1146780000 18
1146866400 14
1146952800 10
1147039200 13
1147125600 27
1147212000 24
1147298400 26
1147384800 20
1147471200 20
1147557600 16
1147644000 30
1147730400 38
1147816800 28
1147903200 11
1147989600 25
1148076000 15
1148162400 17
1148248800 16
1148335200 41
1148421600 28
1148508000 14
1148594400 17
1148680800 13
1148767200 2
1148853600 5
1148940000 25
1149026400 17
1149112800 27
1149199200 33
1149285600 18
1149372000 15
1149458400 16
1149544800 17
1149631200 40
1149717600 42
1149804000 25
1149890400 14
1149976800 31
1150063200 16
1150149600 17
1150236000 24
1150322400 27
1150408800 15
1150495200 12
1150581600 5
1150668000 12
1150754400 33
1150840800 25
1150927200 24
1151013600 26
1151100000 16
1151186400 22
1151272800 12
1151359200 26
1151445600 33
1151532000 16
1151618400 16
1151704800 17
1151791200 8
1151877600 19
1151964000 16
1152050400 50
1152136800 42
1152223200 24
1152309600 21
1152396000 17
1152482400 20
1152568800 36
1152655200 28
1152741600 39
1152828000 34
1152914400 28
1153000800 8
1153087200 21
1153173600 41
1153260000 23
1153346400 37
1153432800 22
1153519200 21
1153605600 19
1153692000 22
1153778400 31
1153864800 42
1153951200 29
1154037600 9
1154124000 26
1154210400 14
1154296800 35
1154383200 23
1154469600 36
1154556000 36
1154642400 22
1154728800 18
1154815200 14
1154901600 31
1154988000 25
1155074400 40
1155160800 28
1155247200 37
1155333600 17
1155420000 22
1155506400 11
1155592800 34
1155679200 36
1155765600 34
1155852000 20
1155938400 17
1156024800 22
1156111200 30
1156197600 28
1156284000 43
1156370400 26
1156456800 29
1156543200 26
1156629600 15
1156716000 22
1156802400 39
1156888800 32
1156975200 28
1157061600 23
1157148000 30
1157234400 16
1157320800 17
1157407200 16
1157493600 23
1157580000 15
1157666400 25
1157752800 31
1157839200 29
1157925600 26
1158012000 30
1158098400 30
1158184800 27
1158271200 27
1158357600 22
1158444000 16
1158530400 30
1158616800 32
1158703200 40
1158789600 33
1158876000 24
1158962400 38
1159048800 22
1159135200 32
1159221600 36
1159308000 44
1159394400 50
1159480800 20
1159567200 34
1159653600 27
1159740000 32
1159826400 52
1159912800 35
1159999200 42
1160085600 23
1160172000 40
1160258400 22
1160344800 37
1160431200 63
1160517600 71
1160604000 39
1160690400 28
1160776800 23
1160863200 15
1160949600 30
1161036000 26
1161122400 23
1161208800 17
1161295200 39
1161381600 35
1161468000 19
1161554400 21
1161640800 34
1161727200 52
1161813600 47
1161900000 20
1161986400 16
1162072800 18
1162162800 25
1162249200 15
1162335600 30
1162422000 35
1162508400 25
1162594800 10
1162681200 17
1162767600 31
1162854000 48
1162940400 43
1163026800 37
1163113200 51
1163199600 46
1163286000 44
1163372400 14
1163458800 49
1163545200 54
1163631600 44
1163718000 46
1163804400 22
1163890800 31
1163977200 28
1164063600 33
1164150000 55
1164236400 25
1164322800 46
1164409200 39
1164495600 18
1164582000 31
1164668400 61
1164754800 45
1164841200 44
1164927600 21
1165014000 16
1165100400 28
1165186800 34
1165273200 42
1165359600 41
1165446000 41
1165532400 37
1165618800 22
1165705200 31
1165791600 19
1165878000 30
1165964400 38
1166050800 39
1166137200 20
1166223600 18
1166310000 23
1166396400 28
1166482800 28
1166569200 31
1166655600 29
1166742000 16
1166828400 18
1166914800 8
1167001200 1
1167087600 30
1167174000 46
1167260400 39
1167346800 32
1167433200 18
1167519600 70
