1262386800 354
1262473200 268
1262559600 198
1262646000 191
1262732400 381
1262818800 499
1262905200 523
1262991600 555
1263078000 429
1263164400 219
1263250800 301
1263337200 598
1263423600 501
1263510000 663
1263596400 640
1263682800 489
1263769200 278
1263855600 334
1263942000 585
1264028400 576
1264114800 614
1264201200 718
1264287600 534
1264374000 278
1264460400 299
1264546800 499
1264633200 616
1264719600 540
1264806000 510
1264892400 487
1264978800 330
1265065200 257
1265151600 396
1265238000 484
1265324400 535
1265410800 556
1265497200 381
1265583600 157
1265670000 286
1265756400 523
1265842800 181
1265929200 444
1266015600 569
1266102000 379
1266188400 226
1266274800 326
1266361200 355
1266447600 493
1266534000 564
1266620400 553
1266706800 604
1266793200 301
1266879600 287
1266966000 426
1267052400 636
1267138800 368
1267225200 361
1267311600 522
1267398000 357
1267484400 321
1267570800 466
1267657200 517
1267743600 506
1267830000 538
1267916400 479
1268002800 336
1268089200 322
1268175600 500
1268262000 521
1268348400 508
1268434800 449
1268521200 262
1268607600 199
1268694000 276
1268780400 453
1268866800 458
1268953200 418
1269039600 438
1269126000 373
1269212400 299
1269298800 164
1269385200 400
1269471600 506
1269558000 539
1269644400 438
1269730800 418
1269813600 327
1269900000 163
1269986400 307
1270072800 622
1270159200 505
1270245600 489
1270332000 426
1270418400 300
1270504800 183
1270591200 365
1270677600 589
1270764000 603
1270850400 646
1270936800 575
1271023200 421
1271109600 337
1271196000 463
1271282400 570
1271368800 680
1271455200 618
1271541600 622
1271628000 455
1271714400 276
1271800800 566
1271887200 583
1271973600 645
1272060000 748
1272146400 545
1272232800 309
1272319200 230
1272405600 518
1272492000 576
1272578400 641
1272664800 894
1272751200 620
1272837600 339
1272924000 280
1273010400 503
1273096800 541
1273183200 682
1273269600 714
1273356000 609
1273442400 447
1273528800 401
1273615200 549
1273701600 457
1273788000 648
1273874400 576
1273960800 628
1274047200 419
1274133600 407
1274220000 376
1274306400 554
1274392800 557
1274479200 558
1274565600 529
1274652000 371
1274738400 350
1274824800 469
1274911200 559
1274997600 514
1275084000 593
1275170400 555
1275256800 411
1275343200 244
1275429600 397
1275516000 441
1275602400 439
1275688800 504
1275775200 363
1275861600 185
1275948000 205
1276034400 480
1276120800 367
1276207200 338
1276293600 422
1276380000 342
1276466400 251
1276552800 234
1276639200 467
1276725600 490
1276812000 478
1276898400 425
1276984800 369
1277071200 291
1277157600 207
1277244000 435
1277330400 462
1277416800 407
1277503200 464
1277589600 402
1277676000 221
1277762400 248
1277848800 523
1277935200 584
1278021600 365
1278108000 425
1278194400 427
1278280800 396
1278367200 295
1278453600 375
1278540000 356
1278626400 421
1278712800 507
1278799200 367
1278885600 293
1278972000 227
1279058400 380
1279144800 377
1279231200 441
1279317600 475
1279404000 434
1279490400 167
1279576800 207
1279663200 324
1279749600 359
1279836000 324
1279922400 358
1280008800 257
1280095200 190
1280181600 183
1280268000 356
1280354400 303
1280440800 463
1280527200 416
1280613600 324
1280700000 217
1280786400 165
1280872800 343
1280959200 388
1281045600 338
1281132000 275
1281218400 288
1281304800 194
1281391200 134
1281477600 340
1281564000 423
1281650400 364
1281736800 342
1281823200 348
1281909600 210
1281996000 160
1282082400 445
1282168800 469
1282255200 417
1282341600 369
1282428000 277
1282514400 180
1282600800 235
1282687200 453
1282773600 435
1282860000 436
1282946400 367
1283032800 326
1283119200 202
1283205600 219
1283292000 419
1283378400 362
1283464800 317
1283551200 348
1283637600 343
1283724000 207
1283810400 161
1283896800 300
1283983200 450
1284069600 353
1284156000 322
1284242400 283
1284328800 186
1284415200 165
1284501600 243
1284588000 417
1284674400 348
1284760800 345
1284847200 306
1284933600 240
1285020000 196
1285106400 474
1285192800 358
1285279200 517
1285365600 460
1285452000 405
1285538400 252
1285624800 221
1285711200 562
1285797600 582
1285884000 521
1285970400 350
1286056800 328
1286143200 270
1286229600 213
1286316000 476
1286402400 568
1286488800 531
1286575200 615
1286661600 542
1286748000 428
1286834400 251
1286920800 424
1287007200 560
1287093600 408
1287180000 476
1287266400 458
1287352800 268
1287439200 272
1287525600 416
1287612000 626
1287698400 477
1287784800 420
1287871200 435
1287957600 258
1288044000 278
1288130400 419
1288216800 461
1288303200 499
1288389600 536
1288476000 357
1288566000 484
1288652400 301
1288738800 317
1288825200 531
1288911600 351
1288998000 511
1289084400 372
1289170800 236
1289257200 289
1289343600 545
1289430000 565
1289516400 432
1289602800 467
1289689200 353
1289775600 204
1289862000 233
1289948400 348
1290034800 455
1290121200 462
1290207600 487
1290294000 344
1290380400 241
1290466800 287
1290553200 462
1290639600 411
1290726000 116
1290812400 308
1290898800 319
1290985200 259
1291071600 243
1291158000 454
1291244400 296
1291330800 547
1291417200 496
1291503600 360
1291590000 199
1291676400 220
1291762800 379
1291849200 423
1291935600 331
1292022000 399
1292108400 330
1292194800 136
1292281200 237
1292367600 245
1292454000 395
1292540400 398
1292626800 317
1292713200 295
1292799600 163
1292886000 226
1292972400 416
1293058800 440
1293145200 358
1293231600 144
1293318000 50
1293404400 38
1293490800 13
1293577200 112
1293663600 226
1293750000 303
