1262386800 28
1262473200 10
1262559600 4
1262646000 11
1262732400 26
1262818800 44
1262905200 36
1262991600 29
1263078000 28
1263164400 17
1263250800 18
1263337200 40
1263423600 30
1263510000 40
1263596400 35
1263682800 31
1263769200 13
1263855600 12
1263942000 36
1264028400 48
1264114800 30
1264201200 28
1264287600 22
1264374000 24
1264460400 14
1264546800 35
1264633200 28
1264719600 25
1264806000 18
1264892400 20
1264978800 12
1265065200 8
1265151600 35
1265238000 28
1265324400 37
1265410800 29
1265497200 26
1265583600 16
1265670000 21
1265756400 38
1265842800 13
1265929200 21
1266015600 32
1266102000 28
1266188400 17
1266274800 11
1266361200 11
1266447600 37
1266534000 51
1266620400 25
1266706800 29
1266793200 13
1266879600 16
1266966000 22
1267052400 32
1267138800 12
1267225200 23
1267311600 29
1267398000 21
1267484400 14
1267570800 22
1267657200 33
1267743600 33
1267830000 51
1267916400 33
1268002800 6
1268089200 8
1268175600 36
1268262000 28
1268348400 31
1268434800 27
1268521200 14
1268607600 16
1268694000 8
1268780400 31
1268866800 24
1268953200 25
1269039600 25
1269126000 21
1269212400 15
1269298800 6
1269385200 23
1269471600 27
1269558000 31
1269644400 27
1269730800 23
1269813600 15
1269900000 5
1269986400 27
1270072800 40
1270159200 42
1270245600 31
1270332000 20
1270418400 17
1270504800 9
1270591200 30
1270677600 27
1270764000 28
1270850400 22
1270936800 23
1271023200 13
1271109600 19
1271196000 28
1271282400 23
1271368800 52
1271455200 22
1271541600 37
1271628000 19
1271714400 14
1271800800 24
1271887200 19
1271973600 39
1272060000 34
1272146400 27
1272232800 13
1272319200 10
1272405600 29
1272492000 35
1272578400 32
1272664800 56
1272751200 31
1272837600 15
1272924000 13
1273010400 23
1273096800 30
1273183200 40
1273269600 38
1273356000 28
1273442400 17
1273528800 13
1273615200 31
1273701600 33
1273788000 42
1273874400 35
1273960800 34
1274047200 17
1274133600 15
1274220000 19
1274306400 32
1274392800 41
1274479200 24
1274565600 16
1274652000 9
1274738400 12
1274824800 20
1274911200 37
1274997600 36
1275084000 24
1275170400 20
1275256800 13
1275343200 4
1275429600 27
1275516000 16
1275602400 25
1275688800 34
1275775200 25
1275861600 13
1275948000 23
1276034400 39
1276120800 32
1276207200 28
1276293600 22
1276380000 16
1276466400 17
1276552800 15
1276639200 27
1276725600 32
1276812000 43
1276898400 36
1276984800 26
1277071200 17
1277157600 7
1277244000 43
1277330400 37
1277416800 36
1277503200 25
1277589600 21
1277676000 15
1277762400 11
1277848800 29
1277935200 18
1278021600 23
1278108000 25
1278194400 24
1278280800 8
1278367200 11
1278453600 24
1278540000 28
1278626400 23
1278712800 23
1278799200 35
1278885600 14
1278972000 14
1279058400 28
1279144800 20
1279231200 35
1279317600 52
1279404000 21
1279490400 12
1279576800 13
1279663200 21
1279749600 23
1279836000 37
1279922400 30
1280008800 26
1280095200 23
1280181600 13
1280268000 37
1280354400 32
1280440800 35
1280527200 28
1280613600 27
1280700000 28
1280786400 12
1280872800 33
1280959200 40
1281045600 29
1281132000 33
1281218400 27
1281304800 18
1281391200 14
1281477600 28
1281564000 50
1281650400 30
1281736800 33
1281823200 25
1281909600 21
1281996000 12
1282082400 32
1282168800 37
1282255200 39
1282341600 21
1282428000 20
1282514400 14
1282600800 18
1282687200 30
1282773600 37
1282860000 32
1282946400 34
1283032800 22
1283119200 20
1283205600 16
1283292000 20
1283378400 29
1283464800 19
1283551200 24
1283637600 22
1283724000 20
1283810400 18
1283896800 32
1283983200 19
1284069600 30
1284156000 17
1284242400 23
1284328800 26
1284415200 8
1284501600 22
1284588000 19
1284674400 37
1284760800 22
1284847200 27
1284933600 19
1285020000 11
1285106400 21
1285192800 28
1285279200 17
1285365600 39
1285452000 41
1285538400 16
1285624800 11
1285711200 33
1285797600 39
1285884000 17
1285970400 29
1286056800 21
1286143200 16
1286229600 8
1286316000 30
1286402400 51
1286488800 29
1286575200 48
1286661600 37
1286748000 33
1286834400 18
1286920800 33
1287007200 48
1287093600 24
1287180000 39
1287266400 26
1287352800 16
1287439200 12
1287525600 25
1287612000 40
1287698400 42
1287784800 23
1287871200 33
1287957600 11
1288044000 30
1288130400 32
1288216800 18
1288303200 29
1288389600 37
1288476000 28
1288566000 17
1288652400 10
1288738800 17
1288825200 44
1288911600 24
1288998000 25
1289084400 30
1289170800 13
1289257200 15
1289343600 26
1289430000 35
1289516400 20
1289602800 26
1289689200 19
1289775600 23
1289862000 10
1289948400 21
1290034800 43
1290121200 40
1290207600 26
1290294000 21
1290380400 12
1290466800 18
1290553200 28
1290639600 10
1290726000 7
1290812400 15
1290898800 23
1290985200 12
1291071600 23
1291158000 15
1291244400 12
1291330800 40
1291417200 34
1291503600 21
1291590000 23
1291676400 13
1291762800 14
1291849200 32
1291935600 15
1292022000 36
1292108400 15
1292194800 18
1292281200 15
1292367600 22
1292454000 31
1292540400 21
1292626800 27
1292713200 25
1292799600 9
1292886000 10
1292972400 23
1293058800 40
1293145200 21
1293231600 5
1293318000 2
1293490800 3
1293577200 8
1293663600 8
1293750000 20
