1199228400 52
1199314800 58
1199401200 65
1199487600 77
1199574000 101
1199660400 98
1199746800 52
1199833200 67
1199919600 98
1200006000 158
1200092400 154
1200178800 192
1200265200 103
1200351600 73
1200438000 91
1200524400 91
1200610800 102
1200697200 116
1200783600 117
1200870000 65
1200956400 71
1201042800 64
1201129200 95
1201215600 99
1201302000 63
1201388400 76
1201474800 71
1201561200 45
1201647600 68
1201734000 89
1201820400 128
1201906800 89
1201993200 104
1202079600 48
1202166000 31
1202252400 55
1202338800 91
1202425200 94
1202511600 167
1202598000 104
1202684400 56
1202770800 50
1202857200 46
1202943600 69
1203030000 97
1203116400 102
1203202800 135
1203289200 69
1203375600 73
1203462000 82
1203548400 98
1203634800 132
1203721200 96
1203807600 109
1203894000 97
1203980400 66
1204066800 66
1204153200 94
1204239600 100
1204326000 114
1204412400 114
1204498800 64
1204585200 60
1204671600 81
1204758000 104
1204844400 95
1204930800 101
1205017200 106
1205103600 59
1205190000 40
1205276400 97
1205362800 94
1205449200 100
1205535600 138
1205622000 101
1205708400 90
1205794800 45
1205881200 103
1205967600 109
1206054000 151
1206140400 215
1206226800 110
1206313200 89
1206399600 52
1206486000 108
1206572400 102
1206658800 107
1206745200 136
1206831600 138
1206914400 118
1207000800 58
1207087200 118
1207173600 126
1207260000 122
1207346400 124
1207432800 138
1207519200 111
1207605600 34
1207692000 74
1207778400 89
1207864800 123
1207951200 170
1208037600 133
1208124000 110
1208210400 65
1208296800 85
1208383200 76
1208469600 138
1208556000 172
1208642400 110
1208728800 103
1208815200 58
1208901600 120
1208988000 112
1209074400 77
1209160800 128
1209247200 144
1209333600 121
1209420000 88
1209506400 71
1209592800 94
1209679200 90
1209765600 132
1209852000 108
1209938400 88
1210024800 81
1210111200 77
1210197600 72
1210284000 91
1210370400 95
1210456800 156
1210543200 93
1210629600 63
1210716000 72
1210802400 97
1210888800 101
1210975200 123
1211061600 124
1211148000 67
1211234400 57
1211320800 44
1211407200 98
1211493600 86
1211580000 133
1211666400 103
1211752800 93
1211839200 46
1211925600 55
1212012000 104
1212098400 92
1212184800 102
1212271200 144
1212357600 76
1212444000 67
1212530400 85
1212616800 95
1212703200 92
1212789600 113
1212876000 74
1212962400 68
1213048800 26
1213135200 58
1213221600 90
1213308000 90
1213394400 93
1213480800 90
1213567200 35
1213653600 20
1213740000 64
1213826400 76
1213912800 92
1213999200 81
1214085600 86
1214172000 49
1214258400 22
1214344800 69
1214431200 75
1214517600 76
1214604000 64
1214690400 50
1214776800 25
1214863200 15
1214949600 71
1215036000 90
1215122400 87
1215208800 59
1215295200 63
1215381600 50
1215468000 29
1215554400 73
1215640800 81
1215727200 58
1215813600 77
1215900000 64
1215986400 22
1216072800 20
1216159200 76
1216245600 51
1216332000 68
1216418400 117
1216504800 59
1216591200 43
1216677600 19
1216764000 94
1216850400 61
1216936800 60
1217023200 84
1217109600 56
1217196000 49
1217282400 18
1217368800 79
1217455200 98
1217541600 70
1217628000 49
1217714400 57
1217800800 31
1217887200 11
1217973600 79
1218060000 94
1218146400 77
1218232800 48
1218319200 43
1218405600 35
1218492000 30
1218578400 87
1218664800 67
1218751200 90
1218837600 75
1218924000 65
1219010400 31
1219096800 29
1219183200 74
1219269600 68
1219356000 73
1219442400 69
1219528800 62
1219615200 35
1219701600 40
1219788000 115
1219874400 105
1219960800 104
1220047200 104
1220133600 134
1220220000 44
1220306400 47
1220392800 64
1220479200 66
1220565600 59
1220652000 119
1220738400 35
1220824800 38
1220911200 66
1220997600 63
1221084000 138
1221170400 134
1221256800 114
1221343200 97
1221429600 95
1221516000 69
1221602400 133
1221688800 168
1221775200 129
1221861600 94
1221948000 104
1222034400 73
1222120800 37
1222207200 114
1222293600 79
1222380000 125
1222466400 149
1222552800 166
1222639200 135
1222725600 89
1222812000 118
1222898400 60
1222984800 124
1223071200 157
1223157600 220
1223244000 135
1223330400 83
1223416800 128
1223503200 97
1223589600 97
1223676000 173
1223762400 135
1223848800 82
1223935200 77
1224021600 104
1224108000 95
1224194400 95
1224280800 95
1224367200 164
1224453600 115
1224540000 94
1224626400 134
1224712800 107
1224799200 123
1224885600 106
1224972000 111
1225062000 71
1225148400 78
1225234800 55
1225321200 72
1225407600 101
1225494000 172
1225580400 114
1225666800 72
1225753200 75
1225839600 69
1225926000 103
1226012400 150
1226098800 148
1226185200 129
1226271600 104
1226358000 70
1226444400 93
1226530800 115
1226617200 107
1226703600 174
1226790000 140
1226876400 106
1226962800 65
1227049200 112
1227135600 94
1227222000 145
1227308400 133
1227394800 145
1227481200 109
1227567600 98
1227654000 85
1227740400 91
1227826800 39
1227913200 144
1227999600 190
1228086000 138
1228172400 65
1228258800 79
1228345200 57
1228431600 67
1228518000 109
1228604400 90
1228690800 49
1228777200 59
1228863600 95
1228950000 94
1229036400 69
1229122800 144
1229209200 111
1229295600 77
1229382000 33
1229468400 66
1229554800 65
1229641200 55
1229727600 68
1229814000 93
1229900400 31
1229986800 30
1230073200 59
1230159600 10
1230246000 11
1230332400 99
1230418800 85
1230505200 39
1230591600 47
1230678000 88
