1199228400 4
1199314800 3
1199401200 1
1199487600 8
1199574000 10
1199660400 7
1199746800 4
1199919600 2
1200006000 7
1200092400 5
1200178800 9
1200265200 3
1200351600 7
1200438000 3
1200524400 3
1200610800 3
1200697200 4
1200783600 8
1200956400 2
1201042800 2
1201129200 10
1201215600 6
1201302000 2
1201388400 2
1201474800 3
1201561200 5
1201647600 2
1201734000 6
1201820400 8
1201906800 7
1201993200 3
1202079600 1
1202252400 2
1202338800 4
1202425200 9
1202511600 4
1202598000 5
1202684400 9
1202770800 4
1202857200 2
1202943600 4
1203030000 3
1203116400 5
1203202800 8
1203289200 3
1203375600 5
1203462000 13
1203548400 11
1203634800 7
1203721200 8
1203807600 4
1203894000 1
1203980400 2
1204066800 6
1204153200 9
1204239600 7
1204326000 6
1204412400 9
1204498800 17
1204585200 10
1204671600 3
1204758000 9
1204844400 7
1204930800 3
1205017200 1
1205103600 1
1205190000 1
1205276400 7
1205362800 5
1205449200 7
1205535600 10
1205622000 4
1205708400 2
1205794800 1
1205881200 4
1205967600 6
1206054000 14
1206140400 5
1206226800 5
1206313200 1
1206399600 3
1206486000 7
1206572400 7
1206658800 10
1206745200 5
1206831600 1
1206914400 4
1207000800 3
1207087200 1
1207173600 3
1207260000 12
1207346400 10
1207432800 7
1207605600 2
1207692000 1
1207778400 3
1207864800 7
1207951200 5
1208037600 2
1208124000 3
1208210400 3
1208296800 3
1208383200 4
1208469600 7
1208556000 6
1208642400 2
1208728800 1
1208815200 1
1208901600 9
1208988000 6
1209074400 3
1209160800 4
1209247200 5
1209333600 2
1209420000 2
1209506400 3
1209592800 6
1209679200 2
1209765600 4
1209852000 1
1209938400 2
1210111200 2
1210284000 5
1210370400 3
1210456800 2
1210543200 4
1210629600 1
1210716000 7
1210802400 4
1210888800 3
1210975200 5
1211061600 2
1211148000 1
1211234400 1
1211320800 2
1211407200 6
1211493600 5
1211580000 7
1211666400 3
1211752800 1
1211925600 13
1212012000 3
1212098400 3
1212184800 4
1212271200 8
1212357600 1
1212444000 2
1212530400 3
1212616800 7
1212703200 4
1212789600 5
1212876000 4
1212962400 4
1213135200 1
1213221600 8
1213394400 4
1213480800 2
1213567200 6
1213653600 3
1213740000 5
1213826400 8
1213999200 4
1214085600 6
1214172000 1
1214344800 9
1214431200 5
1214517600 4
1214604000 3
1214690400 4
1214776800 2
1214949600 3
1215036000 7
1215122400 5
1215208800 3
1215295200 3
1215381600 1
1215468000 2
1215554400 5
1215640800 4
1215727200 6
1215813600 4
1215900000 9
1215986400 2
1216159200 4
1216245600 6
1216332000 2
1216418400 3
1216504800 2
1216591200 1
1216764000 1
1216850400 5
1216936800 6
1217023200 3
1217109600 3
1217196000 4
1217368800 1
1217455200 5
1217541600 1
1217714400 2
1217887200 1
1217973600 6
1218060000 3
1218146400 3
1218232800 3
1218319200 2
1218405600 2
1218492000 5
1218578400 5
1218664800 3
1218751200 5
1218837600 7
1218924000 3
1219010400 3
1219096800 7
1219183200 4
1219269600 10
1219356000 12
1219442400 6
1219528800 4
1219615200 5
1219701600 3
1219788000 5
1219874400 9
1219960800 12
1220047200 3
1220133600 5
1220306400 1
1220392800 3
1220479200 6
1220565600 2
1220652000 8
1220824800 2
1220911200 4
1220997600 1
1221084000 7
1221170400 3
1221256800 6
1221343200 2
1221429600 5
1221516000 9
1221602400 9
1221688800 13
1221775200 6
1221861600 7
1221948000 4
1222034400 4
1222120800 1
1222207200 8
1222293600 3
1222380000 4
1222466400 1
1222552800 5
1222639200 1
1222725600 3
1222812000 4
1222898400 9
1222984800 3
1223071200 5
1223157600 4
1223244000 1
1223330400 1
1223416800 10
1223503200 2
1223589600 6
1223676000 8
1223762400 10
1223848800 3
1224021600 4
1224108000 5
1224194400 3
1224280800 5
1224367200 4
1224540000 2
1224626400 5
1224712800 3
1224799200 2
1224885600 1
1224972000 6
1225062000 1
1225321200 2
1225407600 7
1225494000 3
1225666800 2
1225753200 1
1225839600 5
1226012400 1
1226098800 2
1226185200 8
1226358000 1
1226530800 2
1226617200 5
1226703600 12
1226790000 1
1226876400 1
1226962800 1
1227049200 5
1227135600 4
1227222000 3
1227308400 8
1227394800 2
1227567600 3
1227654000 3
1227740400 3
1227826800 1
1227999600 2
1228086000 4
1228258800 5
1228345200 7
1228431600 3
1228518000 7
1228604400 1
1228690800 3
1228777200 5
1228863600 3
1228950000 7
1229036400 2
1229122800 10
1229209200 5
1229295600 3
1229382000 1
1229554800 2
1229641200 4
1229727600 3
1229814000 1
1229900400 2
1229986800 2
1230073200 1
1230246000 1
1230332400 3
1230418800 6
1230505200 2
1230591600 1
1230678000 3
