1136156400 292
1136242800 368
1136329200 364
1136415600 434
1136502000 503
1136588400 516
1136674800 392
1136761200 344
1136847600 457
1136934000 493
1137020400 567
1137106800 562
1137193200 564
1137279600 418
1137366000 334
1137452400 529
1137538800 541
1137625200 620
1137711600 620
1137798000 655
1137884400 440
1137970800 385
1138057200 572
1138143600 591
1138230000 612
1138316400 579
1138402800 572
1138489200 515
1138575600 393
1138662000 483
1138748400 632
1138834800 596
1138921200 628
1139007600 603
1139094000 512
1139180400 315
1139266800 438
1139353200 600
1139439600 615
1139526000 512
1139612400 626
1139698800 407
1139785200 157
1139871600 315
1139958000 444
1140044400 581
1140130800 627
1140217200 550
1140303600 440
1140390000 336
1140476400 455
1140562800 521
1140649200 571
1140735600 577
1140822000 520
1140908400 465
1140994800 359
1141081200 402
1141167600 602
1141254000 607
1141340400 489
1141426800 528
1141513200 472
1141599600 460
1141686000 499
1141772400 611
1141858800 715
1141945200 575
1142031600 624
1142118000 531
1142204400 415
1142290800 467
1142377200 577
1142463600 572
1142550000 593
1142636400 594
1142722800 650
1142809200 486
1142895600 493
1142982000 571
1143068400 654
1143154800 644
1143241200 596
1143327600 559
1143410400 434
1143496800 531
1143583200 536
1143669600 582
1143756000 581
1143842400 613
1143928800 592
1144015200 430
1144101600 425
1144188000 626
1144274400 512
1144360800 632
1144447200 633
1144533600 538
1144620000 409
1144706400 437
1144792800 580
1144879200 709
1144965600 638
1145052000 539
1145138400 497
1145224800 371
1145311200 508
1145397600 490
1145484000 489
1145570400 522
1145656800 545
1145743200 392
1145829600 376
1145916000 392
1146002400 550
1146088800 573
1146175200 605
1146261600 603
1146348000 437
1146434400 448
1146520800 445
1146607200 513
1146693600 593
1146780000 538
1146866400 547
1146952800 461
1147039200 348
1147125600 585
1147212000 518
1147298400 660
1147384800 664
1147471200 546
1147557600 539
1147644000 341
1147730400 434
1147816800 536
1147903200 527
1147989600 550
1148076000 493
1148162400 450
1148248800 306
1148335200 358
1148421600 475
1148508000 549
1148594400 491
1148680800 502
1148767200 446
1148853600 337
1148940000 310
1149026400 489
1149112800 589
1149199200 480
1149285600 486
1149372000 444
1149458400 363
1149544800 465
1149631200 654
1149717600 573
1149804000 676
1149890400 607
1149976800 485
1150063200 370
1150149600 405
1150236000 516
1150322400 537
1150408800 531
1150495200 509
1150581600 451
1150668000 335
1150754400 385
1150840800 538
1150927200 568
1151013600 589
1151100000 570
1151186400 398
1151272800 362
1151359200 316
1151445600 473
1151532000 428
1151618400 445
1151704800 410
1151791200 354
1151877600 245
1151964000 276
1152050400 307
1152136800 433
1152223200 500
1152309600 503
1152396000 390
1152482400 373
1152568800 425
1152655200 472
1152741600 498
1152828000 564
1152914400 522
1153000800 429
1153087200 291
1153173600 308
1153260000 446
1153346400 524
1153432800 565
1153519200 537
1153605600 350
1153692000 386
1153778400 386
1153864800 518
1153951200 508
1154037600 506
1154124000 411
1154210400 343
1154296800 352
1154383200 307
1154469600 428
1154556000 439
1154642400 499
1154728800 489
1154815200 479
1154901600 400
1154988000 409
1155074400 560
1155160800 526
1155247200 537
1155333600 487
1155420000 503
1155506400 412
1155592800 383
1155679200 499
1155765600 598
1155852000 560
1155938400 504
1156024800 417
1156111200 393
1156197600 381
1156284000 548
1156370400 541
1156456800 506
1156543200 398
1156629600 377
1156716000 371
1156802400 338
1156888800 489
1156975200 459
1157061600 479
1157148000 448
1157234400 331
1157320800 285
1157407200 232
1157493600 363
1157580000 528
1157666400 556
1157752800 618
1157839200 513
1157925600 342
1158012000 332
1158098400 354
1158184800 582
1158271200 534
1158357600 563
1158444000 550
1158530400 332
1158616800 390
1158703200 435
1158789600 598
1158876000 599
1158962400 517
1159048800 475
1159135200 470
1159221600 438
1159308000 517
1159394400 530
1159480800 569
1159567200 517
1159653600 507
1159740000 360
1159826400 386
1159912800 596
1159999200 525
1160085600 435
1160172000 608
1160258400 380
1160344800 319
1160431200 393
1160517600 535
1160604000 421
1160690400 526
1160776800 471
1160863200 471
1160949600 333
1161036000 453
1161122400 509
1161208800 577
1161295200 549
1161381600 590
1161468000 501
1161554400 464
1161640800 419
1161727200 486
1161813600 630
1161900000 567
1161986400 553
1162072800 437
1162162800 376
1162249200 412
1162335600 751
1162422000 500
1162508400 496
1162594800 584
1162681200 588
1162767600 499
1162854000 470
1162940400 413
1163026800 378
1163113200 671
1163199600 642
1163286000 482
1163372400 374
1163458800 353
1163545200 521
1163631600 533
1163718000 466
1163804400 543
1163890800 588
1163977200 462
1164063600 375
1164150000 464
1164236400 416
1164322800 154
1164409200 434
1164495600 572
1164582000 454
1164668400 405
1164754800 425
1164841200 424
1164927600 485
1165014000 436
1165100400 438
1165186800 423
1165273200 366
1165359600 371
1165446000 507
1165532400 588
1165618800 394
1165705200 495
1165791600 432
1165878000 367
1165964400 495
1166050800 397
1166137200 447
1166223600 503
1166310000 514
1166396400 397
1166482800 376
1166569200 402
1166655600 430
1166742000 377
1166828400 421
1166914800 460
1167001200 251
1167087600 111
1167174000 404
1167260400 447
1167346800 569
1167433200 482
1167519600 471
