1262300400 11
1262386800 21
1262473200 11
1262559600 33
1262646000 42
1262732400 45
1262818800 26
1262905200 26
1262991600 31
1263078000 23
1263164400 29
1263250800 23
1263337200 34
1263423600 39
1263510000 25
1263596400 27
1263682800 18
1263769200 38
1263855600 29
1263942000 38
1264028400 37
1264114800 26
1264201200 13
1264287600 29
1264374000 12
1264460400 28
1264546800 60
1264633200 50
1264719600 42
1264806000 13
1264892400 25
1264978800 21
1265065200 59
1265151600 37
1265238000 38
1265324400 34
1265410800 26
1265497200 21
1265583600 22
1265670000 41
1265756400 33
1265842800 42
1265929200 40
1266015600 16
1266102000 21
1266188400 36
1266274800 29
1266361200 29
1266447600 57
1266534000 37
1266620400 27
1266706800 28
1266793200 41
1266879600 23
1266966000 48
1267052400 30
1267138800 63
1267225200 39
1267311600 29
1267398000 24
1267484400 65
1267570800 43
1267657200 38
1267743600 51
1267830000 54
1267916400 27
1268002800 19
1268089200 25
1268175600 59
1268262000 26
1268348400 53
1268434800 29
1268521200 34
1268607600 14
1268694000 26
1268780400 25
1268866800 25
1268953200 27
1269039600 48
1269126000 33
1269212400 13
1269298800 14
1269385200 43
1269471600 41
1269558000 25
1269644400 27
1269730800 14
1269813600 16
1269900000 37
1269986400 77
1270072800 60
1270159200 23
1270245600 26
1270332000 73
1270418400 91
1270504800 73
1270591200 86
1270677600 93
1270764000 83
1270850400 104
1270936800 61
1271023200 43
1271109600 51
1271196000 78
1271282400 57
1271368800 44
1271455200 36
1271541600 32
1271628000 37
1271714400 87
1271800800 81
1271887200 69
1271973600 68
1272060000 52
1272146400 44
1272232800 27
1272319200 57
1272405600 51
1272492000 55
1272578400 67
1272664800 31
1272751200 32
1272837600 29
1272924000 52
1273010400 31
1273096800 43
1273183200 53
1273269600 39
1273356000 17
1273442400 24
1273528800 44
1273615200 35
1273701600 33
1273788000 38
1273874400 22
1273960800 20
1274047200 24
1274133600 30
1274220000 25
1274306400 51
1274392800 29
1274479200 50
1274565600 8
1274652000 18
1274738400 37
1274824800 55
1274911200 53
1274997600 50
1275084000 25
1275170400 9
1275256800 18
1275343200 32
1275429600 45
1275516000 52
1275602400 46
1275688800 27
1275775200 19
1275861600 13
1275948000 38
1276034400 22
1276120800 23
1276207200 54
1276293600 21
1276380000 19
1276466400 15
1276552800 36
1276639200 52
1276725600 30
1276812000 37
1276898400 27
1276984800 9
1277071200 27
1277157600 39
1277244000 29
1277330400 32
1277416800 48
1277503200 35
1277589600 15
1277676000 12
1277762400 36
1277848800 30
1277935200 37
1278021600 36
1278108000 37
1278194400 26
1278280800 18
1278367200 25
1278453600 42
1278540000 31
1278626400 46
1278712800 21
1278799200 7
1278885600 23
1278972000 26
1279058400 39
1279144800 20
1279231200 60
1279317600 20
1279404000 5
1279490400 13
1279576800 37
1279663200 30
1279749600 37
1279836000 50
1279922400 17
1280008800 13
1280095200 23
1280181600 37
1280268000 32
1280354400 58
1280440800 26
1280527200 34
1280613600 17
1280700000 27
1280786400 34
1280872800 37
1280959200 35
1281045600 30
1281132000 28
1281218400 55
1281304800 41
1281391200 36
1281477600 28
1281564000 38
1281650400 27
1281736800 24
1281823200 16
1281909600 14
1281996000 49
1282082400 48
1282168800 41
1282255200 22
1282341600 17
1282428000 8
1282514400 21
1282600800 43
1282687200 24
1282773600 42
1282860000 38
1282946400 39
1283032800 25
1283119200 12
1283205600 38
1283292000 28
1283378400 40
1283464800 30
1283551200 27
1283637600 19
1283724000 10
1283810400 29
1283896800 30
1283983200 40
1284069600 50
1284156000 22
1284242400 14
1284328800 17
1284415200 31
1284501600 26
1284588000 42
1284674400 34
1284760800 23
1284847200 11
1284933600 16
1285020000 39
1285106400 35
1285192800 34
1285279200 48
1285365600 19
1285452000 13
1285538400 22
1285624800 35
1285711200 34
1285797600 27
1285884000 35
1285970400 17
1286056800 9
1286143200 24
1286229600 43
1286316000 49
1286402400 47
1286488800 59
1286575200 12
1286661600 8
1286748000 21
1286834400 34
1286920800 40
1287007200 29
1287093600 26
1287180000 12
1287266400 7
1287352800 27
1287439200 43
1287525600 36
1287612000 44
1287698400 42
1287784800 21
1287871200 14
1287957600 23
1288044000 30
1288130400 22
1288216800 28
1288303200 44
1288389600 22
1288476000 27
1288566000 17
1288652400 20
1288738800 45
1288825200 36
1288911600 35
1288998000 31
1289084400 25
1289170800 21
1289257200 24
1289343600 34
1289430000 52
1289516400 34
1289602800 29
1289689200 12
1289775600 27
1289862000 27
1289948400 23
1290034800 17
1290121200 18
1290207600 35
1290294000 24
1290380400 17
1290466800 22
1290553200 18
1290639600 7
1290726000 90
1290812400 35
1290898800 6
1290985200 27
1291071600 45
1291158000 43
1291244400 39
1291330800 45
1291417200 26
1291503600 8
1291590000 37
1291676400 43
1291762800 48
1291849200 38
1291935600 20
1292022000 36
1292108400 17
1292194800 16
1292281200 23
1292367600 24
1292454000 26
1292540400 27
1292626800 19
1292713200 6
1292799600 17
1292886000 39
1292972400 56
1293058800 47
1293145200 11
1293231600 4
1293318000 3
1293404400 9
1293490800 56
1293577200 72
1293663600 79
1293750000 14
