915192000 948
915278400 1021
915364800 973
915451200 946
915537600 933
915624000 973
915710400 928
915796800 964
915883200 952
915969600 1012
916056000 921
916142400 923
916228800 953
916315200 932
916401600 1014
916488000 971
916574400 942
916660800 915
916747200 912
916833600 958
916920000 979
917006400 962
917092800 949
917179200 960
917265600 985
917352000 954
917438400 985
917524800 1026
917611200 976
917697600 930
917784000 1038
917870400 1058
917956800 1058
918043200 1030
918129600 1062
918216000 987
918302400 1047
918388800 1012
918475200 1001
918561600 1020
918648000 954
918734400 1068
918820800 1071
918907200 1033
918993600 962
919080000 1079
919166400 969
919252800 1067
919339200 1020
919425600 979
919512000 1048
919598400 982
919684800 993
919771200 1058
919857600 1066
919944000 1066
920030400 1077
920116800 1047
920203200 1028
920289600 1023
920376000 998
920462400 1025
920548800 1025
920635200 1055
920721600 983
920808000 1039
920894400 1017
920980800 1024
921067200 994
921153600 981
921240000 1067
921326400 1045
921412800 1004
921499200 1026
921585600 1042
921672000 1033
921758400 1043
921844800 954
921931200 969
922017600 1052
922104000 951
922190400 964
922276800 951
922363200 959
922449600 963
922536000 917
922618800 941
922705200 956
922791600 969
922878000 966
922964400 997
923050800 987
923137200 921
923223600 950
923310000 915
923396400 952
923482800 929
923569200 928
923655600 948
923742000 994
923828400 951
923914800 981
924001200 966
924087600 906
924174000 971
924260400 932
924346800 985
924433200 1020
924519600 932
924606000 1022
924692400 992
924778800 939
924865200 986
924951600 957
925038000 1005
925124400 994
925210800 946
925297200 983
925383600 935
925470000 978
925556400 980
925642800 972
925729200 928
925815600 927
925902000 931
925988400 981
926074800 944
926161200 950
926247600 948
926334000 1000
926420400 1032
926506800 1036
926593200 1044
926679600 1074
926766000 1051
926852400 1075
926938800 1042
927025200 1064
927111600 1065
927198000 1050
927284400 1071
927370800 1052
927457200 990
927543600 1076
927630000 1042
927716400 1051
927802800 995
927889200 1036
927975600 1106
928062000 1093
928148400 1086
928234800 1109
928321200 1084
928407600 1041
928494000 1076
928580400 1038
928666800 1149
928753200 1015
928839600 1042
928926000 1068
929012400 1121
929098800 1058
929185200 1089
929271600 1072
929358000 1033
929444400 1074
929530800 1073
929617200 1071
929703600 1017
929790000 1062
929876400 1103
929962800 993
930049200 1118
930135600 1045
930222000 1031
930308400 1101
930394800 1052
930481200 1118
930567600 1018
930654000 1030
930740400 995
930826800 902
930913200 986
930999600 999
931086000 899
931172400 968
931258800 949
931345200 1015
931431600 986
931518000 1004
931604400 917
931690800 960
931777200 989
931863600 966
931950000 917
932036400 963
932122800 935
932209200 869
932295600 875
932382000 983
932468400 864
932554800 966
932641200 881
932727600 955
932814000 931
932900400 899
932986800 896
933073200 909
933159600 980
933246000 989
933332400 858
933418800 985
933505200 920
933591600 999
933678000 961
933764400 939
933850800 849
933937200 997
934023600 1034
934110000 930
934196400 916
934282800 949
934369200 933
934455600 990
934542000 909
934628400 934
934714800 949
934801200 1015
934887600 935
934974000 916
935060400 1034
935146800 1001
935233200 1025
935319600 1084
935406000 1001
935492400 970
935578800 994
935665200 1035
935751600 969
935838000 984
935924400 993
936010800 1016
936097200 1028
936183600 999
936270000 1027
936356400 1016
936442800 950
936529200 943
936615600 987
936702000 1001
936788400 994
936874800 987
936961200 1050
937047600 930
937134000 961
937220400 961
937306800 997
937393200 976
937479600 1048
937566000 982
937652400 991
937738800 985
937825200 979
937911600 1021
937998000 999
938084400 924
938170800 1017
938257200 994
938343600 1062
938430000 1003
938516400 952
938602800 999
938689200 964
938775600 985
938862000 940
938948400 1041
939034800 1000
939121200 958
939207600 1055
939294000 1048
939380400 943
939466800 987
939553200 953
939639600 930
939726000 1007
939812400 975
939898800 926
939985200 947
940071600 1025
940158000 999
940244400 908
940330800 993
940417200 940
940503600 985
940590000 910
940676400 928
940762800 938
940849200 919
940935600 977
941022000 958
