915192000 987
915278400 992
915364800 949
915451200 961
915537600 921
915624000 1022
915710400 976
915796800 994
915883200 1010
915969600 997
916056000 1058
916142400 1055
916228800 990
916315200 1032
916401600 989
916488000 991
916574400 982
916660800 985
916747200 964
916833600 991
916920000 880
917006400 1012
917092800 919
917179200 971
917265600 1037
917352000 1040
917438400 1057
917524800 967
917611200 989
917697600 999
917784000 997
917870400 883
917956800 976
918043200 941
918129600 996
918216000 1021
918302400 919
918388800 1056
918475200 959
918561600 961
918648000 979
918734400 976
918820800 998
918907200 994
918993600 992
919080000 987
919166400 1028
919252800 1017
919339200 1053
919425600 903
919512000 949
919598400 929
919684800 885
919771200 992
919857600 911
919944000 879
920030400 957
920116800 967
920203200 864
920289600 969
920376000 911
920462400 945
920548800 978
920635200 916
920721600 865
920808000 913
920894400 857
920980800 971
921067200 983
921153600 932
921240000 958
921326400 1152
921412800 988
921499200 920
921585600 956
921672000 920
921758400 959
921844800 900
921931200 869
922017600 907
922104000 1007
922190400 970
922276800 938
922363200 878
922449600 863
922536000 1009
922618800 1045
922705200 889
922791600 978
922878000 888
922964400 911
923050800 913
923137200 1025
923223600 841
923310000 936
923396400 956
923482800 858
923569200 865
923655600 876
923742000 1002
923828400 811
923914800 878
924001200 758
924087600 926
924174000 978
924260400 898
924346800 968
924433200 956
924519600 837
924606000 1000
924692400 846
924778800 998
924865200 864
924951600 848
925038000 1073
925124400 993
925210800 925
925297200 730
925383600 808
925470000 850
925556400 841
925642800 963
925729200 731
925815600 919
925902000 945
925988400 1000
926074800 810
926161200 773
926247600 908
926334000 943
926420400 818
926506800 881
926593200 962
926679600 984
926766000 841
926852400 872
926938800 846
927025200 992
927111600 844
927198000 776
927284400 867
927370800 1025
927457200 891
927543600 929
927630000 959
927716400 1020
927802800 950
927889200 1043
927975600 899
928062000 752
928148400 944
928234800 914
928321200 941
928407600 888
928494000 885
928580400 955
928666800 817
928753200 821
928839600 918
928926000 872
929012400 931
929098800 861
929185200 909
929271600 928
929358000 909
929444400 1003
929530800 780
929617200 854
929703600 926
929790000 883
929876400 801
929962800 847
930049200 896
930135600 934
930222000 920
930308400 850
930394800 955
930481200 1041
930567600 855
930654000 938
930740400 817
930826800 867
930913200 980
930999600 956
931086000 1082
931172400 916
931258800 827
931345200 920
931431600 1030
931518000 902
931604400 1020
931690800 1000
931777200 963
931863600 990
931950000 870
932036400 942
932122800 891
932209200 907
932295600 852
932382000 914
932468400 888
932554800 1010
932641200 1032
932727600 973
932814000 959
932900400 1101
932986800 1012
933073200 1020
933159600 983
933246000 937
933332400 1007
933418800 1094
933505200 970
933591600 955
933678000 916
933764400 955
933850800 1037
933937200 974
934023600 978
934110000 1094
934196400 989
934282800 1014
934369200 998
934455600 877
934542000 957
934628400 1121
934714800 1039
934801200 1031
934887600 974
934974000 991
935060400 937
935146800 1009
935233200 991
935319600 1057
935406000 958
935492400 973
935578800 1021
935665200 1051
935751600 886
935838000 1054
935924400 973
936010800 980
936097200 920
936183600 982
936270000 947
936356400 1009
936442800 1018
936529200 957
936615600 990
936702000 963
936788400 978
936874800 1114
936961200 1065
937047600 1140
937134000 1030
937220400 986
937306800 1116
937393200 1161
937479600 1125
937566000 1073
937652400 1015
937738800 1047
937825200 1039
937911600 1087
937998000 1102
938084400 1035
938170800 1100
938257200 1123
938343600 1090
938430000 993
938516400 991
938602800 1019
938689200 1015
938775600 1033
938862000 1023
938948400 954
939034800 1084
939121200 1074
939207600 1021
939294000 1013
939380400 836
939466800 1087
939553200 1130
939639600 1047
939726000 926
939812400 1065
939898800 1077
939985200 919
940071600 1003
940158000 1027
940244400 1110
940330800 1146
940417200 1117
940503600 1124
940590000 978
940676400 1041
940762800 896
940849200 973
940935600 1082
941022000 1077
