915192000 941
915278400 1007
915364800 1063
915451200 976
915537600 1015
915624000 909
915710400 968
915796800 961
915883200 1018
915969600 911
916056000 941
916142400 980
916228800 994
916315200 1017
916401600 958
916488000 1024
916574400 941
916660800 943
916747200 918
916833600 958
916920000 985
917006400 960
917092800 959
917179200 997
917265600 1006
917352000 992
917438400 982
917524800 949
917611200 977
917697600 963
917784000 955
917870400 948
917956800 1004
918043200 1004
918129600 1006
918216000 947
918302400 1004
918388800 956
918475200 944
918561600 1043
918648000 952
918734400 985
918820800 1026
918907200 939
918993600 939
919080000 1004
919166400 1014
919252800 979
919339200 942
919425600 1043
919512000 1030
919598400 982
919684800 991
919771200 979
919857600 955
919944000 990
920030400 999
920116800 946
920203200 1008
920289600 993
920376000 1013
920462400 995
920548800 887
920635200 916
920721600 953
920808000 1033
920894400 983
920980800 1003
921067200 964
921153600 979
921240000 984
921326400 997
921412800 1021
921499200 998
921585600 994
921672000 939
921758400 991
921844800 993
921931200 962
922017600 909
922104000 974
922190400 1069
922276800 1031
922363200 1057
922449600 998
922536000 987
922618800 1062
922705200 994
922791600 962
922878000 974
922964400 978
923050800 1057
923137200 970
923223600 954
923310000 1017
923396400 1064
923482800 991
923569200 1039
923655600 1007
923742000 1004
923828400 1023
923914800 1010
924001200 1008
924087600 976
924174000 1022
924260400 1068
924346800 982
924433200 1012
924519600 1030
924606000 1074
924692400 969
924778800 1004
924865200 1063
924951600 1007
925038000 1025
925124400 1037
925210800 1041
925297200 1007
925383600 1036
925470000 1035
925556400 1047
925642800 1023
925729200 1011
925815600 1072
925902000 1052
925988400 1014
926074800 1079
926161200 1066
926247600 1008
926334000 1021
926420400 1061
926506800 1052
926593200 1060
926679600 1035
926766000 1000
926852400 1006
926938800 970
927025200 1040
927111600 980
927198000 992
927284400 1064
927370800 1024
927457200 1046
927543600 993
927630000 1020
927716400 942
927802800 961
927889200 1043
927975600 1038
928062000 934
928148400 1033
928234800 1034
928321200 907
928407600 973
928494000 1025
928580400 994
928666800 989
928753200 1051
928839600 975
928926000 1018
929012400 969
929098800 1014
929185200 1015
929271600 1001
929358000 1019
929444400 961
929530800 1018
929617200 972
929703600 1090
929790000 1051
929876400 1015
929962800 960
930049200 989
930135600 1028
930222000 1006
930308400 1018
930394800 1009
930481200 1025
930567600 1011
930654000 1007
930740400 1018
930826800 982
930913200 1020
930999600 982
931086000 993
931172400 997
931258800 979
931345200 1013
931431600 1003
931518000 945
931604400 1004
931690800 1038
931777200 990
931863600 972
931950000 954
932036400 1041
932122800 950
932209200 967
932295600 956
932382000 981
932468400 972
932554800 977
932641200 1000
932727600 971
932814000 1017
932900400 996
932986800 999
933073200 996
933159600 1025
933246000 1071
933332400 1009
933418800 917
933505200 983
933591600 977
933678000 976
933764400 1031
933850800 1012
933937200 1055
934023600 1015
934110000 1011
934196400 1003
934282800 964
934369200 1014
934455600 1022
934542000 949
934628400 1013
934714800 970
934801200 1039
934887600 986
934974000 1042
935060400 999
935146800 998
935233200 1032
935319600 977
935406000 1000
935492400 1003
935578800 1034
935665200 1036
935751600 1006
935838000 1022
935924400 1094
936010800 1059
936097200 1110
936183600 1062
936270000 1099
936356400 1066
936442800 981
936529200 999
936615600 1115
936702000 1028
936788400 1120
936874800 1095
936961200 920
937047600 1069
937134000 967
937220400 1007
937306800 964
937393200 980
937479600 968
937566000 1054
937652400 1118
937738800 1107
937825200 981
937911600 1085
937998000 1068
938084400 1127
938170800 1070
938257200 1005
938343600 1057
938430000 1049
938516400 1058
938602800 1032
938689200 976
938775600 984
938862000 1094
938948400 1008
939034800 1032
939121200 1035
939207600 1004
939294000 1143
939380400 1086
939466800 1023
939553200 1126
939639600 988
939726000 1091
939812400 1166
939898800 1031
939985200 1075
940071600 1016
940158000 1116
940244400 966
940330800 958
940417200 1099
940503600 1075
940590000 952
940676400 1045
940762800 1035
940849200 1112
940935600 1107
941022000 1103
941108400 1013
941194800 1095
941281200 953
941371200 987
941457600 1050
941544000 962
941630400 1054
941716800 1078
941803200 1054
941889600 996
941976000 1032
942062400 1006
942148800 1058
942235200 1015
942321600 1119
942408000 952
942494400 1027
942580800 1107
942667200 1027
942753600 1067
942840000 1030
942926400 998
943012800 1000
943099200 965
943185600 987
943272000 1096
943358400 1078
943444800 1014
943531200 1047
943617600 1058
943704000 990
943790400 984
943876800 1033
943963200 948
944049600 1040
944136000 988
944222400 905
944308800 969
944395200 1097
944481600 1027
944568000 1061
944654400 1063
944740800 1033
944827200 967
944913600 969
945000000 982
945086400 971
945172800 1004
945259200 922
945345600 1035
945432000 1114
945518400 1029
945604800 1005
945691200 988
945777600 1018
945864000 1073
945950400 1018
946036800 1005
946123200 1074
946209600 1005
946296000 1006
946382400 1097
946468800 1010
946555200 978
946641600 985
946728000 1059
946814400 1041
946900800 999
946987200 992
947073600 933
947160000 1082
947246400 1008
947332800 1057
947419200 1063
947505600 1007
947592000 981
947678400 1095
947764800 1018
947851200 1072
947937600 981
948024000 1085
948110400 1025
948196800 876
948283200 985
948369600 1061
948456000 1051
948542400 1092
948628800 991
948715200 1060
948801600 1012
948888000 1057
948974400 999
949060800 1017
949147200 1028
949233600 1025
949320000 1045
949406400 956
949492800 1071
949579200 944
949665600 1044
949752000 1001
949838400 1024
949924800 974
950011200 980
950097600 976
950184000 1017
950270400 1043
950356800 1033
950443200 1000
950529600 988
950616000 1037
950702400 973
950788800 1028
950875200 1061
950961600 995
951048000 981
951134400 1038
951220800 1009
951307200 1067
951393600 982
951480000 1071
951566400 1023
951652800 982
951739200 989
951825600 1074
951912000 993
951998400 959
952084800 981
952171200 1008
952257600 1002
952344000 1013
952430400 1019
952516800 1068
952603200 995
952689600 1017
952776000 952
952862400 992
952948800 1023
953035200 1031
953121600 1058
953208000 1020
953294400 966
953380800 999
953467200 1028
953553600 1008
953640000 981
953726400 1031
953812800 1019
953899200 1012
953985600 1053
954068400 996
954154800 1046
954241200 1021
954327600 974
954414000 987
954500400 1012
954586800 1024
954673200 999
954759600 996
954846000 1034
954932400 991
955018800 982
955105200 1028
955191600 1020
955278000 983
955364400 991
955450800 1034
955537200 1009
955623600 973
955710000 1060
955796400 1009
955882800 1011
955969200 981
956055600 997
956142000 993
956228400 1017
956314800 983
956401200 972
956487600 1027
956574000 1038
956660400 1140
956746800 1014
956833200 982
956919600 1019
957006000 1070
957092400 1045
957178800 1029
957265200 1031
957351600 1081
957438000 1057
957524400 938
957610800 1092
957697200 1067
957783600 1092
957870000 1042
957956400 1028
958042800 1047
958129200 950
958215600 1040
958302000 1063
958388400 1078
958474800 1022
958561200 1002
958647600 1013
958734000 1062
958820400 925
958906800 989
958993200 978
959079600 1080
959166000 1100
959252400 1045
959338800 1158
959425200 1033
959511600 878
959598000 1116
959684400 1079
959770800 989
959857200 1009
959943600 1123
960030000 1109
960116400 1025
960202800 1090
960289200 997
960375600 1083
960462000 1024
960548400 1094
960634800 1058
960721200 1059
960807600 1036
960894000 1052
960980400 1103
961066800 990
961153200 1063
961239600 1018
961326000 1075
961412400 1006
961498800 1006
961585200 1059
961671600 987
961758000 1055
961844400 971
961930800 1032
962017200 1183
962103600 1145
962190000 1041
962276400 1051
962362800 1003
962449200 1084
962535600 1066
962622000 1072
962708400 1037
962794800 1120
962881200 1043
962967600 993
963054000 1156
963140400 1087
963226800 1066
963313200 1028
963399600 1081
963486000 1022
963572400 1014
963658800 989
963745200 974
963831600 972
963918000 945
964004400 1005
964090800 934
964177200 1015
964263600 1062
964350000 923
964436400 991
964522800 927
964609200 1030
964695600 973
964782000 1004
964868400 993
964954800 1002
965041200 946
965127600 985
965214000 990
965300400 991
965386800 993
965473200 1019
965559600 1020
965646000 998
965732400 1062
965818800 1034
965905200 959
965991600 1005
966078000 1023
966164400 971
966250800 1001
966337200 1042
966423600 1031
966510000 965
966596400 977
966682800 919
966769200 1022
966855600 1048
966942000 929
967028400 1037
967114800 1015
967201200 924
967287600 1065
967374000 997
967460400 990
967546800 1006
967633200 995
967719600 998
967806000 1061
967892400 1001
967978800 967
968065200 981
968151600 981
968238000 1043
968324400 1024
968410800 933
968497200 1018
968583600 1029
968670000 969
968756400 1038
968842800 1023
968929200 941
969015600 1021
969102000 990
969188400 948
969274800 970
969361200 989
969447600 976
969534000 1022
969620400 950
969706800 946
969793200 972
969879600 933
969966000 985
970052400 951
970138800 999
970225200 972
970311600 1007
970398000 935
970484400 1024
970570800 981
970657200 1017
970743600 1109
970830000 1001
970916400 1008
971002800 1004
971089200 1000
971175600 986
971262000 991
971348400 1025
971434800 1041
971521200 1002
971607600 1074
971694000 985
971780400 1004
971866800 1064
971953200 995
972039600 1015
972126000 1024
972212400 1033
972298800 1066
972385200 995
972471600 982
972558000 1025
972644400 1038
972730800 1048
972820800 1021
972907200 1030
972993600 998
973080000 989
973166400 1017
973252800 1007
973339200 1072
973425600 1062
973512000 1040
973598400 1034
973684800 1085
973771200 1006
973857600 1055
973944000 998
974030400 989
974116800 1019
974203200 1081
974289600 1066
974376000 962
974462400 996
974548800 977
974635200 973
974721600 1026
974808000 1058
974894400 1034
974980800 975
975067200 1100
975153600 1045
975240000 1013
975326400 1051
975412800 982
975499200 1024
975585600 1067
975672000 1125
975758400 1024
975844800 1048
975931200 1044
976017600 1031
976104000 1001
976190400 1032
976276800 983
976363200 1055
976449600 1007
976536000 978
976622400 1026
976708800 985
976795200 1042
976881600 1007
976968000 981
977054400 1033
977140800 1004
977227200 1039
977313600 1020
977400000 1049
977486400 1018
977572800 1017
977659200 1103
977745600 1057
977832000 1067
977918400 1081
978004800 1004
978091200 1126
978177600 1097
978264000 1001
978350400 1055
978436800 1127
978523200 1109
978609600 1103
978696000 1066
978782400 1096
978868800 1111
978955200 997
979041600 1142
979128000 1046
979214400 1050
979300800 994
979387200 1044
979473600 1092
979560000 1047
979646400 1015
979732800 1045
979819200 1113
979905600 980
979992000 997
980078400 1008
980164800 1035
980251200 1101
980337600 1027
980424000 991
980510400 997
980596800 995
980683200 1027
980769600 1039
980856000 979
980942400 1173
981028800 1095
981115200 1093
981201600 1162
981288000 1039
981374400 1041
981460800 1063
981547200 1037
981633600 1083
981720000 1040
981806400 1115
981892800 1093
981979200 1086
982065600 961
982152000 1062
982238400 1176
982324800 1042
982411200 1047
982497600 996
982584000 949
982670400 1060
982756800 1058
982843200 1085
982929600 1204
983016000 1088
983102400 985
983188800 1007
983275200 1050
983361600 1191
983448000 1027
983534400 1014
983620800 970
983707200 1039
983793600 979
983880000 1091
983966400 1049
984052800 1119
984139200 1107
984225600 1096
984312000 973
984398400 1072
984484800 1015
984571200 965
984657600 994
984744000 997
984830400 1007
984916800 1000
985003200 1026
985089600 1111
985176000 974
985262400 1051
985348800 949
985435200 1011
985518000 1047
985604400 1033
985690800 1045
985777200 966
985863600 1041
985950000 1087
986036400 970
986122800 926
986209200 1046
986295600 1041
986382000 979
986468400 1026
986554800 1064
986641200 998
986727600 978
986814000 1043
986900400 1093
986986800 937
987073200 984
987159600 976
987246000 985
987332400 992
987418800 1094
987505200 1002
987591600 984
987678000 980
987764400 1036
987850800 1022
987937200 988
988023600 1013
988110000 1013
988196400 955
988282800 1010
988369200 1043
988455600 1023
988542000 1036
988628400 959
988714800 974
988801200 1006
988887600 975
988974000 1029
989060400 951
989146800 988
989233200 1032
989319600 974
989406000 961
989492400 1026
989578800 985
989665200 1044
989751600 1109
989838000 1001
989924400 1049
990010800 924
990097200 977
990183600 998
990270000 965
990356400 1056
990442800 983
990529200 1059
990615600 964
990702000 993
990788400 976
990874800 971
990961200 1050
991047600 1017
991134000 947
991220400 969
991306800 1080
991393200 1076
991479600 976
991566000 1039
991652400 1014
991738800 959
991825200 1051
991911600 1023
991998000 1014
992084400 1032
992170800 1032
992257200 1030
992343600 1026
992430000 1041
992516400 993
992602800 1039
992689200 1035
992775600 1051
992862000 1030
992948400 1053
993034800 950
993121200 1070
993207600 1029
993294000 1044
993380400 1087
993466800 1030
993553200 1032
993639600 1026
993726000 1013
993812400 1011
993898800 1047
993985200 933
994071600 1003
994158000 1038
994244400 1023
994330800 1037
994417200 1065
994503600 1064
994590000 1040
994676400 1057
994762800 1014
994849200 1010
994935600 1065
995022000 926
995108400 1016
995194800 1038
995281200 1055
995367600 1038
995454000 986
995540400 952
995626800 1135
995713200 1083
995799600 1009
995886000 1009
995972400 1049
996058800 1069
996145200 1012
996231600 1022
996318000 1025
996404400 1026
996490800 987
996577200 1009
996663600 1060
996750000 994
996836400 993
996922800 1111
997009200 1040
997095600 1063
997182000 1041
997268400 1013
997354800 1013
997441200 1032
997527600 992
997614000 1001
997700400 1059
997786800 1028
997873200 1055
997959600 983
998046000 1088
998132400 968
998218800 1013
998305200 1013
998391600 992
998478000 971
998564400 1018
998650800 980
998737200 979
998823600 979
998910000 970
998996400 1026
999082800 1021
999169200 1030
999255600 993
999342000 969
999428400 1003
999514800 1006
999601200 1028
999687600 933
999774000 963
999860400 982
999946800 1008
1000033200 1067
1000119600 956
1000206000 1019
1000292400 1039
1000378800 1075
1000465200 946
1000551600 1025
1000638000 1018
1000724400 966
1000810800 1005
1000897200 939
1000983600 972
1001070000 949
1001156400 928
1001242800 1004
1001329200 1071
1001415600 893
1001502000 1081
