915192000 1038
915278400 904
915364800 1059
915451200 928
915537600 1085
915624000 1051
915710400 1059
915796800 1041
915883200 982
915969600 1087
916056000 996
916142400 979
916228800 1053
916315200 887
916401600 1018
916488000 995
916574400 978
916660800 977
916747200 996
916833600 1095
916920000 1030
917006400 1140
917092800 1091
917179200 1099
917265600 1070
917352000 1102
917438400 1053
917524800 1048
917611200 1064
917697600 1090
917784000 1000
917870400 960
917956800 967
918043200 1082
918129600 978
918216000 1035
918302400 909
918388800 988
918475200 975
918561600 959
918648000 1047
918734400 1110
918820800 1114
918907200 1017
918993600 988
919080000 910
919166400 1024
919252800 958
919339200 922
919425600 995
919512000 916
919598400 1009
919684800 1042
919771200 753
919857600 913
919944000 944
920030400 1002
920116800 998
920203200 915
920289600 794
920376000 979
920462400 1055
920548800 855
920635200 977
920721600 1034
920808000 1093
920894400 1021
920980800 1001
921067200 953
921153600 1014
921240000 969
921326400 995
921412800 873
921499200 978
921585600 951
921672000 982
921758400 1034
921844800 946
921931200 962
922017600 1064
922104000 1136
922190400 1096
922276800 922
922363200 1007
922449600 998
922536000 1107
922618800 1028
922705200 958
922791600 951
922878000 788
922964400 978
923050800 1038
923137200 966
923223600 1069
923310000 1041
923396400 1096
923482800 1059
923569200 1124
923655600 1125
923742000 1025
923828400 1199
923914800 1128
924001200 1035
924087600 1009
924174000 1134
924260400 997
924346800 1057
924433200 1112
924519600 855
924606000 1026
924692400 964
924778800 1040
924865200 1012
924951600 1044
925038000 944
925124400 936
925210800 1121
925297200 1005
925383600 1058
925470000 998
925556400 1082
925642800 914
925729200 957
925815600 1047
925902000 988
925988400 1051
926074800 1030
926161200 984
926247600 1017
926334000 1210
926420400 963
926506800 1047
926593200 1066
926679600 1097
926766000 1052
926852400 1047
926938800 1139
927025200 988
927111600 1053
927198000 1123
927284400 976
927370800 963
927457200 997
927543600 1027
927630000 936
927716400 1095
927802800 1023
927889200 1054
927975600 980
928062000 991
928148400 943
928234800 1083
928321200 1016
928407600 947
928494000 1020
928580400 1033
928666800 1000
928753200 1109
928839600 880
928926000 936
929012400 851
929098800 1026
929185200 1022
929271600 1081
929358000 1011
929444400 846
929530800 952
929617200 1046
929703600 948
929790000 898
929876400 971
929962800 911
930049200 929
930135600 923
930222000 1008
930308400 1024
930394800 917
930481200 936
930567600 1073
930654000 871
930740400 1086
930826800 1004
930913200 886
930999600 963
931086000 971
931172400 1058
931258800 1062
931345200 992
931431600 922
931518000 949
931604400 1026
931690800 985
931777200 970
931863600 913
931950000 978
932036400 935
932122800 1054
932209200 1002
932295600 858
932382000 923
932468400 920
932554800 1044
932641200 898
932727600 1075
932814000 943
932900400 948
932986800 991
933073200 977
933159600 913
933246000 1054
933332400 1060
933418800 940
933505200 913
933591600 1011
933678000 927
933764400 1061
933850800 1030
933937200 995
934023600 1093
934110000 917
934196400 934
934282800 999
934369200 995
934455600 945
934542000 1017
934628400 1051
934714800 1027
934801200 979
934887600 994
934974000 920
935060400 1014
935146800 984
935233200 1027
935319600 1053
935406000 985
935492400 938
935578800 987
935665200 957
935751600 923
935838000 897
935924400 980
936010800 1021
936097200 1225
936183600 933
936270000 981
936356400 1021
936442800 1069
936529200 1067
936615600 1084
936702000 1038
936788400 1077
936874800 1069
936961200 1089
937047600 973
937134000 1011
937220400 983
937306800 973
937393200 1061
937479600 986
937566000 825
937652400 1214
937738800 964
937825200 1118
937911600 1117
937998000 1142
938084400 984
938170800 1033
938257200 1075
938343600 1138
938430000 1148
938516400 1040
938602800 927
938689200 1022
938775600 994
938862000 1141
938948400 977
939034800 987
939121200 901
939207600 872
939294000 986
939380400 999
939466800 873
939553200 998
939639600 981
939726000 1057
939812400 1080
939898800 918
939985200 1002
940071600 953
940158000 924
940244400 1077
940330800 991
940417200 988
940503600 1077
940590000 959
940676400 1075
940762800 981
940849200 985
940935600 1000
941022000 984
