915192000 970
915278400 1011
915364800 940
915451200 998
915537600 955
915624000 980
915710400 962
915796800 922
915883200 1016
915969600 986
916056000 945
916142400 1011
916228800 950
916315200 980
916401600 980
916488000 962
916574400 995
916660800 974
916747200 1006
916833600 977
916920000 968
917006400 977
917092800 932
917179200 954
917265600 962
917352000 974
917438400 987
917524800 973
917611200 979
917697600 973
917784000 1019
917870400 965
917956800 1021
918043200 960
918129600 936
918216000 1005
918302400 977
918388800 972
918475200 971
918561600 931
918648000 968
918734400 957
918820800 947
918907200 966
918993600 939
919080000 949
919166400 961
919252800 958
919339200 966
919425600 994
919512000 966
919598400 929
919684800 1002
919771200 966
919857600 995
919944000 982
920030400 998
920116800 963
920203200 986
920289600 871
920376000 925
920462400 1012
920548800 958
920635200 974
920721600 988
920808000 988
920894400 968
920980800 970
921067200 956
921153600 976
921240000 963
921326400 983
921412800 985
921499200 915
921585600 968
921672000 998
921758400 981
921844800 945
921931200 943
922017600 965
922104000 952
922190400 987
922276800 942
922363200 930
922449600 945
922536000 1012
922618800 1002
922705200 967
922791600 953
922878000 980
922964400 964
923050800 934
923137200 997
923223600 999
923310000 968
923396400 984
923482800 992
923569200 930
923655600 922
923742000 948
923828400 1040
923914800 954
924001200 1052
924087600 1036
924174000 961
924260400 1012
924346800 1016
924433200 1058
924519600 1050
924606000 1006
924692400 973
924778800 1023
924865200 1049
924951600 977
925038000 1000
925124400 1049
925210800 1049
925297200 1009
925383600 960
925470000 1061
925556400 1020
925642800 1054
925729200 1039
925815600 1007
925902000 1038
925988400 1044
926074800 988
926161200 1017
926247600 1098
926334000 1000
926420400 1050
926506800 1110
926593200 984
926679600 951
926766000 978
926852400 1000
926938800 1023
927025200 1014
927111600 994
927198000 1112
927284400 1032
927370800 1048
927457200 976
927543600 1026
927630000 1124
927716400 1043
927802800 983
927889200 913
927975600 948
928062000 969
928148400 1005
928234800 1020
928321200 1019
928407600 1011
928494000 1048
928580400 1056
928666800 1050
928753200 982
928839600 1015
928926000 999
929012400 1049
929098800 1036
929185200 1049
929271600 1079
929358000 979
929444400 994
929530800 1015
929617200 1008
929703600 1017
929790000 1035
929876400 1029
929962800 1013
930049200 1040
930135600 1090
930222000 1069
930308400 1054
930394800 953
930481200 1097
930567600 906
930654000 999
930740400 944
930826800 1024
930913200 1013
930999600 992
931086000 1035
931172400 978
931258800 1047
931345200 1043
931431600 1003
931518000 1032
931604400 998
931690800 984
931777200 1056
931863600 992
931950000 1032
932036400 1036
932122800 1055
932209200 1030
932295600 1073
932382000 1090
932468400 979
932554800 1015
932641200 1017
932727600 1006
932814000 1041
932900400 963
932986800 1026
933073200 1053
933159600 1093
933246000 1023
933332400 996
933418800 1053
933505200 990
933591600 1037
933678000 1053
933764400 1068
933850800 1048
933937200 1012
934023600 1025
934110000 1040
934196400 1007
934282800 1054
934369200 1027
934455600 1000
934542000 1027
934628400 1020
934714800 1020
934801200 1078
934887600 1019
934974000 987
935060400 1052
935146800 1020
935233200 1033
935319600 1063
935406000 1074
935492400 1027
935578800 1047
935665200 977
935751600 1007
935838000 991
935924400 958
936010800 977
936097200 1038
936183600 1041
936270000 1005
936356400 991
936442800 973
936529200 976
936615600 1158
936702000 969
936788400 960
936874800 955
936961200 972
937047600 954
937134000 1008
937220400 973
937306800 944
937393200 990
937479600 997
937566000 920
937652400 1025
937738800 1000
937825200 977
937911600 983
937998000 1014
938084400 964
938170800 951
938257200 975
938343600 978
938430000 1010
938516400 991
938602800 934
938689200 975
938775600 993
938862000 1012
938948400 1048
939034800 1010
939121200 945
939207600 989
939294000 993
939380400 964
939466800 929
939553200 1000
939639600 995
939726000 945
939812400 956
939898800 955
939985200 949
940071600 983
940158000 962
940244400 988
940330800 934
940417200 976
940503600 989
940590000 1015
940676400 1004
940762800 993
940849200 986
940935600 986
941022000 981
941108400 998
941194800 966
941281200 990
941371200 1039
941457600 1005
941544000 965
941630400 1004
941716800 1031
941803200 977
941889600 1007
941976000 958
942062400 982
942148800 1036
942235200 999
942321600 969
942408000 968
942494400 998
942580800 986
942667200 939
942753600 982
942840000 962
942926400 962
943012800 960
943099200 936
943185600 984
943272000 968
943358400 968
943444800 982
943531200 959
943617600 958
943704000 1010
943790400 1009
943876800 962
943963200 964
944049600 970
944136000 953
944222400 1013
944308800 987
944395200 930
944481600 958
944568000 940
944654400 981
944740800 999
944827200 993
944913600 1004
945000000 984
945086400 1002
945172800 965
945259200 1000
945345600 1015
945432000 998
945518400 986
945604800 908
945691200 980
945777600 1030
945864000 1026
945950400 952
946036800 987
946123200 1040
946209600 955
946296000 1018
946382400 969
946468800 946
946555200 960
946641600 1008
946728000 1035
946814400 960
946900800 1038
946987200 988
947073600 996
947160000 945
947246400 1030
947332800 928
947419200 972
947505600 970
947592000 976
947678400 1004
947764800 1035
947851200 992
947937600 970
948024000 971
948110400 989
948196800 968
948283200 1044
948369600 958
948456000 905
948542400 964
948628800 952
948715200 1020
948801600 1017
948888000 951
948974400 947
949060800 962
949147200 1002
949233600 998
949320000 925
949406400 1046
949492800 945
949579200 1017
949665600 958
949752000 987
949838400 974
949924800 1025
950011200 983
950097600 1001
950184000 969
950270400 971
950356800 978
950443200 979
950529600 944
950616000 973
950702400 1037
950788800 984
950875200 965
950961600 1009
951048000 961
951134400 1127
951220800 928
951307200 1083
951393600 1029
951480000 1001
951566400 1015
951652800 983
951739200 968
951825600 984
951912000 1080
951998400 1009
952084800 1029
952171200 1084
952257600 900
952344000 1004
952430400 984
952516800 1002
952603200 1004
952689600 931
952776000 991
952862400 980
952948800 1033
953035200 992
953121600 1009
953208000 989
953294400 944
953380800 983
953467200 1014
953553600 986
953640000 1040
953726400 951
953812800 984
953899200 981
953985600 1027
954068400 994
954154800 990
954241200 1014
954327600 970
954414000 1108
954500400 1016
954586800 1081
954673200 1035
954759600 957
954846000 980
954932400 1010
955018800 1000
955105200 1012
955191600 1013
955278000 1040
955364400 959
955450800 851
955537200 974
955623600 1038
955710000 1015
955796400 996
955882800 969
955969200 938
956055600 1055
956142000 969
956228400 974
956314800 1023
956401200 976
956487600 1051
956574000 1029
956660400 982
956746800 968
956833200 970
956919600 1035
957006000 970
957092400 984
957178800 1012
957265200 1007
957351600 940
957438000 966
957524400 945
957610800 997
957697200 1021
957783600 937
957870000 1123
957956400 1021
958042800 1099
958129200 987
958215600 1010
958302000 1043
958388400 983
958474800 1104
958561200 994
958647600 1020
958734000 1066
958820400 1016
958906800 917
958993200 1000
959079600 926
959166000 973
959252400 977
959338800 976
959425200 1015
959511600 1036
959598000 1023
959684400 987
959770800 1051
959857200 925
959943600 1003
960030000 883
960116400 988
960202800 1040
960289200 981
960375600 997
960462000 995
960548400 1071
960634800 984
960721200 1007
960807600 920
960894000 1049
960980400 966
961066800 991
961153200 985
961239600 924
961326000 1026
961412400 1046
961498800 1016
961585200 1032
961671600 959
961758000 946
961844400 986
961930800 1001
962017200 932
962103600 908
962190000 978
962276400 993
962362800 978
962449200 1016
962535600 973
962622000 952
962708400 1017
962794800 1001
962881200 945
962967600 969
963054000 1012
963140400 980
963226800 973
963313200 1003
963399600 1001
963486000 997
963572400 966
963658800 957
963745200 985
963831600 975
963918000 974
964004400 983
964090800 972
964177200 963
964263600 974
964350000 906
964436400 1005
964522800 996
964609200 957
964695600 1014
964782000 1000
964868400 994
964954800 1009
965041200 922
965127600 992
965214000 1032
965300400 980
965386800 988
965473200 959
965559600 954
965646000 980
965732400 962
965818800 1011
965905200 952
965991600 966
966078000 954
966164400 905
966250800 931
966337200 1034
966423600 947
966510000 987
966596400 957
966682800 966
966769200 1002
966855600 995
966942000 1000
967028400 991
967114800 938
967201200 970
967287600 1002
967374000 1002
967460400 992
967546800 975
967633200 1071
967719600 1006
967806000 1022
967892400 1002
967978800 979
968065200 982
968151600 949
968238000 1043
968324400 971
968410800 950
968497200 1052
968583600 1011
968670000 1008
968756400 1050
968842800 933
968929200 948
969015600 1033
969102000 1011
969188400 962
969274800 980
969361200 997
969447600 1020
969534000 983
969620400 966
969706800 1005
969793200 989
969879600 1003
969966000 973
970052400 938
970138800 967
970225200 1009
970311600 968
970398000 971
970484400 975
970570800 1025
970657200 942
970743600 1024
970830000 1009
970916400 946
971002800 980
971089200 967
971175600 1002
971262000 967
971348400 1022
971434800 987
971521200 949
971607600 1011
971694000 986
971780400 1011
971866800 1026
971953200 977
972039600 995
972126000 921
972212400 1011
972298800 947
972385200 952
972471600 1006
972558000 999
972644400 906
972730800 953
972820800 960
972907200 1020
972993600 1038
973080000 947
973166400 1001
973252800 996
973339200 1007
973425600 948
973512000 1014
973598400 989
973684800 995
973771200 985
973857600 949
973944000 940
974030400 1025
974116800 1010
974203200 1000
974289600 971
974376000 997
974462400 943
974548800 1023
974635200 1023
974721600 997
974808000 964
974894400 1035
974980800 975
975067200 964
975153600 1000
975240000 957
975326400 985
975412800 937
975499200 970
975585600 970
975672000 1034
975758400 1051
975844800 1050
975931200 1043
976017600 1033
976104000 1027
976190400 1084
976276800 1050
976363200 1082
976449600 1072
976536000 1083
976622400 1091
976708800 1070
976795200 1018
976881600 1018
976968000 1049
977054400 1038
977140800 1015
977227200 1078
977313600 1060
977400000 1032
977486400 974
977572800 1011
977659200 1065
977745600 1053
977832000 1029
977918400 1027
978004800 1043
978091200 1063
978177600 1042
978264000 1048
978350400 1075
978436800 1056
978523200 1090
978609600 1077
978696000 1052
978782400 1033
978868800 1114
978955200 1012
979041600 1057
979128000 1017
979214400 1092
979300800 1061
979387200 1080
979473600 1057
979560000 1119
979646400 1108
979732800 1061
979819200 1071
979905600 1033
979992000 1051
980078400 1024
980164800 1001
980251200 1049
980337600 1004
980424000 1042
980510400 1038
980596800 1030
980683200 1081
980769600 1017
980856000 1041
980942400 1042
981028800 1013
981115200 1011
981201600 1072
981288000 1025
981374400 1031
981460800 1035
981547200 1053
981633600 986
981720000 1003
981806400 1099
981892800 1060
981979200 1078
982065600 1044
982152000 1083
982238400 1036
982324800 1054
982411200 976
982497600 1009
982584000 997
982670400 1035
982756800 1013
982843200 974
982929600 996
983016000 1079
983102400 1061
983188800 1015
983275200 1090
983361600 1040
983448000 1072
983534400 1072
983620800 1040
983707200 1041
983793600 1026
983880000 1040
983966400 1039
984052800 1056
984139200 969
984225600 993
984312000 939
984398400 1053
984484800 1008
984571200 1042
984657600 1046
984744000 1053
984830400 1101
984916800 1035
985003200 1015
985089600 1060
985176000 1053
985262400 994
985348800 1015
985435200 1078
985518000 1093
985604400 1033
985690800 1071
985777200 1055
985863600 1054
985950000 1007
986036400 1112
986122800 1002
986209200 1101
986295600 1003
986382000 1037
986468400 1013
986554800 1080
986641200 1035
986727600 1092
986814000 1011
986900400 1004
986986800 1021
987073200 1134
987159600 1053
987246000 1019
987332400 1069
987418800 1062
987505200 1053
987591600 1040
987678000 1020
987764400 1000
987850800 1017
987937200 1031
988023600 1020
988110000 1006
988196400 1093
988282800 1032
988369200 1068
988455600 1064
988542000 1013
988628400 1003
988714800 1018
988801200 1012
988887600 1009
988974000 957
989060400 1008
989146800 1044
989233200 1008
989319600 991
989406000 1013
989492400 1004
989578800 1027
989665200 979
989751600 1009
989838000 972
989924400 1013
990010800 1027
990097200 974
990183600 1015
990270000 935
990356400 1036
990442800 1004
990529200 992
990615600 999
990702000 1038
990788400 1000
990874800 1017
990961200 1059
991047600 1063
991134000 992
991220400 986
991306800 1020
991393200 992
991479600 1029
991566000 990
991652400 1033
991738800 1039
991825200 992
991911600 1011
991998000 999
992084400 1015
992170800 984
992257200 1025
992343600 1030
992430000 1000
992516400 1038
992602800 951
992689200 1029
992775600 1016
992862000 968
992948400 1034
993034800 1031
993121200 967
993207600 994
993294000 961
993380400 1024
993466800 1007
993553200 987
993639600 1016
993726000 1014
993812400 988
993898800 1030
993985200 1032
994071600 1025
994158000 986
994244400 988
994330800 1005
994417200 995
994503600 1032
994590000 999
994676400 988
994762800 1002
994849200 954
994935600 995
995022000 1002
995108400 978
995194800 999
995281200 1011
995367600 970
995454000 1031
995540400 1030
995626800 1007
995713200 979
995799600 998
995886000 1002
995972400 998
996058800 1062
996145200 1000
996231600 1047
996318000 969
996404400 1018
996490800 993
996577200 968
996663600 1015
996750000 1001
996836400 1015
996922800 996
997009200 1068
997095600 1075
997182000 1028
997268400 1041
997354800 995
997441200 939
997527600 998
997614000 1031
997700400 1055
997786800 1028
997873200 1031
997959600 1040
998046000 1031
998132400 1012
998218800 1031
998305200 982
998391600 1041
998478000 988
998564400 998
998650800 997
998737200 1010
998823600 975
998910000 1001
998996400 1000
999082800 1015
999169200 997
999255600 974
999342000 1012
999428400 1038
999514800 971
999601200 1024
999687600 1006
999774000 974
999860400 997
999946800 990
1000033200 947
1000119600 999
1000206000 980
1000292400 994
1000378800 994
1000465200 1009
1000551600 959
1000638000 1037
1000724400 995
1000810800 968
1000897200 1050
1000983600 995
1001070000 997
1001156400 1074
1001242800 1014
1001329200 1002
1001415600 1009
1001502000 1035
1001588400 943
1001674800 988
1001761200 952
1001847600 1019
1001934000 1013
1002020400 935
1002106800 1013
1002193200 933
1002279600 898
1002366000 950
1002452400 970
1002538800 960
1002625200 919
1002711600 933
1002798000 970
1002884400 946
1002970800 965
1003057200 1006
1003143600 950
1003230000 974
1003316400 984
1003402800 965
1003489200 949
1003575600 941
1003662000 961
1003748400 961
1003834800 921
1003921200 959
1004007600 990
1004094000 945
1004180400 991
1004270400 1009
1004356800 982
1004443200 958
1004529600 994
1004616000 861
1004702400 991
1004788800 996
1004875200 942
1004961600 980
1005048000 942
1005134400 970
1005220800 993
1005307200 957
1005393600 935
1005480000 1005
1005566400 994
1005652800 977
1005739200 941
1005825600 1015
1005912000 972
1005998400 988
1006084800 921
1006171200 911
1006257600 950
1006344000 935
1006430400 916
1006516800 931
1006603200 1016
1006689600 1014
1006776000 1055
1006862400 953
1006948800 959
1007035200 979
1007121600 955
1007208000 911
1007294400 954
1007380800 966
1007467200 935
1007553600 963
1007640000 980
1007726400 981
1007812800 997
1007899200 984
1007985600 963
1008072000 985
1008158400 970
1008244800 975
1008331200 906
1008417600 963
1008504000 962
1008590400 957
1008676800 992
1008763200 958
1008849600 934
1008936000 960
1009022400 939
1009108800 987
1009195200 949
1009281600 1016
1009368000 892
1009454400 956
1009540800 933
1009627200 983
1009713600 948
1009800000 1052
1009886400 1020
1009972800 961
1010059200 901
1010145600 926
1010232000 1029
1010318400 967
1010404800 920
1010491200 977
1010577600 930
1010664000 994
1010750400 945
1010836800 1026
1010923200 907
1011009600 992
1011096000 944
1011182400 958
1011268800 863
1011355200 972
1011441600 906
1011528000 934
1011614400 946
1011700800 919
1011787200 942
1011873600 989
1011960000 960
1012046400 972
1012132800 979
1012219200 957
1012305600 959
1012392000 941
1012478400 972
1012564800 1008
1012651200 964
1012737600 1036
1012824000 940
1012910400 1000
1012996800 959
1013083200 932
1013169600 983
1013256000 970
1013342400 962
1013428800 966
1013515200 902
1013601600 914
1013688000 926
1013774400 1016
1013860800 967
1013947200 973
1014033600 931
1014120000 1010
1014206400 919
1014292800 998
1014379200 971
1014465600 876
1014552000 994
1014638400 1045
1014724800 937
1014811200 1031
1014897600 923
1014984000 985
1015070400 1066
1015156800 991
1015243200 994
1015329600 999
1015416000 991
1015502400 1016
1015588800 987
1015675200 954
1015761600 1035
1015848000 1001
1015934400 1064
1016020800 979
1016107200 972
1016193600 971
1016280000 1032
1016366400 963
1016452800 983
1016539200 940
1016625600 1024
1016712000 1032
1016798400 1027
1016884800 1007
1016971200 973
1017057600 1037
1017144000 1002
1017230400 1045
1017316800 996
1017403200 1038
1017489600 1017
1017572400 967
1017658800 1000
1017745200 1034
1017831600 972
1017918000 986
1018004400 1004
1018090800 946
1018177200 1016
1018263600 1008
1018350000 1029
1018436400 1051
1018522800 981
1018609200 999
1018695600 1071
1018782000 1049
1018868400 1042
1018954800 1005
1019041200 971
1019127600 981
1019214000 967
1019300400 1005
1019386800 1018
1019473200 954
1019559600 1014
1019646000 998
1019732400 984
1019818800 963
1019905200 982
1019991600 1042
1020078000 962
1020164400 983
1020250800 1016
1020337200 984
1020423600 1105
1020510000 963
1020596400 1021
1020682800 959
1020769200 1003
1020855600 993
1020942000 1000
1021028400 951
1021114800 984
1021201200 1045
1021287600 994
1021374000 986
1021460400 1016
1021546800 1053
1021633200 972
1021719600 961
1021806000 1025
1021892400 973
1021978800 993
1022065200 1033
1022151600 975
1022238000 1024
1022324400 1021
1022410800 1000
1022497200 1015
1022583600 1011
1022670000 975
1022756400 989
1022842800 1003
1022929200 984
1023015600 1015
1023102000 1003
1023188400 1019
1023274800 1015
1023361200 963
1023447600 1014
1023534000 1028
1023620400 984
1023706800 986
1023793200 1008
1023879600 970
1023966000 1009
1024052400 1007
1024138800 1024
1024225200 1014
1024311600 1014
1024398000 987
1024484400 966
1024570800 1002
1024657200 945
1024743600 970
1024830000 1062
1024916400 1041
1025002800 962
1025089200 969
1025175600 1007
1025262000 989
1025348400 1016
1025434800 997
1025521200 913
1025607600 1086
1025694000 1038
1025780400 1006
1025866800 1005
1025953200 1020
1026039600 1007
1026126000 1004
1026212400 1042
1026298800 1009
1026385200 970
1026471600 1017
1026558000 963
1026644400 980
1026730800 1043
1026817200 966
1026903600 954
1026990000 984
1027076400 1056
1027162800 1024
1027249200 952
1027335600 1024
1027422000 1013
1027508400 952
1027594800 888
1027681200 927
1027767600 1003
1027854000 933
1027940400 999
1028026800 1031
1028113200 1029
1028199600 1011
1028286000 989
1028372400 997
1028458800 953
1028545200 987
1028631600 929
1028718000 906
1028804400 934
1028890800 990
1028977200 1038
1029063600 938
1029150000 984
1029236400 956
1029322800 1004
1029409200 1046
1029495600 990
1029582000 969
1029668400 1044
1029754800 933
1029841200 914
1029927600 989
1030014000 969
1030100400 1026
1030186800 901
1030273200 986
1030359600 928
1030446000 1013
1030532400 931
1030618800 887
1030705200 1022
1030791600 961
1030878000 1058
1030964400 1051
1031050800 1063
1031137200 998
1031223600 1004
1031310000 938
1031396400 981
1031482800 870
1031569200 960
1031655600 991
1031742000 1003
1031828400 1009
1031914800 933
1032001200 946
1032087600 931
1032174000 948
1032260400 1030
1032346800 1004
1032433200 937
1032519600 1005
1032606000 1024
1032692400 985
1032778800 855
1032865200 993
1032951600 946
1033038000 979
1033124400 909
1033210800 1028
1033297200 1014
1033383600 942
1033470000 1055
1033556400 862
1033642800 1001
1033729200 901
1033815600 900
1033902000 955
1033988400 975
1034074800 825
1034161200 1025
1034247600 1031
1034334000 1005
1034420400 944
1034506800 947
1034593200 865
1034679600 984
1034766000 1017
1034852400 969
1034938800 966
1035025200 950
1035111600 982
1035198000 1040
1035284400 985
1035370800 985
1035457200 991
1035543600 940
1035630000 1065
1035720000 1006
1035806400 966
1035892800 993
1035979200 1046
1036065600 937
1036152000 915
1036238400 939
1036324800 993
1036411200 948
1036497600 980
1036584000 893
1036670400 951
1036756800 1097
1036843200 929
1036929600 970
1037016000 972
1037102400 991
1037188800 1013
1037275200 1017
1037361600 1036
1037448000 959
1037534400 1011
1037620800 986
1037707200 917
1037793600 966
1037880000 857
1037966400 976
1038052800 1023
1038139200 937
1038225600 956
1038312000 1004
1038398400 934
1038484800 1016
1038571200 870
1038657600 973
1038744000 1012
1038830400 1006
1038916800 945
1039003200 968
1039089600 904
1039176000 987
1039262400 1019
1039348800 937
1039435200 974
1039521600 887
1039608000 927
1039694400 993
1039780800 995
1039867200 1049
1039953600 934
1040040000 1028
1040126400 1002
1040212800 948
1040299200 898
1040385600 875
1040472000 983
1040558400 993
1040644800 1028
1040731200 929
1040817600 996
1040904000 984
1040990400 966
1041076800 1004
1041163200 1003
1041249600 1013
1041336000 1014
1041422400 997
1041508800 994
1041595200 995
1041681600 970
1041768000 997
1041854400 1005
1041940800 989
1042027200 971
1042113600 916
1042200000 979
1042286400 994
1042372800 1043
1042459200 1043
1042545600 1036
1042632000 995
1042718400 1015
1042804800 951
1042891200 1015
1042977600 1057
1043064000 994
1043150400 969
1043236800 1084
1043323200 960
1043409600 1028
1043496000 931
1043582400 944
1043668800 997
1043755200 1009
1043841600 997
1043928000 1047
1044014400 1007
1044100800 979
1044187200 966
1044273600 940
1044360000 975
1044446400 974
1044532800 986
1044619200 884
1044705600 985
1044792000 1026
1044878400 1033
1044964800 1025
1045051200 1011
1045137600 1002
1045224000 961
1045310400 1066
1045396800 968
1045483200 1027
1045569600 901
1045656000 924
1045742400 1033
1045828800 951
1045915200 947
1046001600 1015
1046088000 1013
1046174400 972
1046260800 978
1046347200 1018
1046433600 1081
1046520000 1036
1046606400 940
1046692800 953
1046779200 961
1046865600 897
1046952000 972
1047038400 1018
1047124800 924
1047211200 987
1047297600 958
1047384000 1029
1047470400 1004
1047556800 1005
1047643200 912
1047729600 976
1047816000 959
1047902400 970
1047988800 987
1048075200 1035
1048161600 1035
1048248000 955
1048334400 1020
1048420800 1030
1048507200 982
1048593600 938
1048680000 1034
1048766400 1013
1048852800 989
1048939200 1021
1049022000 935
1049108400 979
1049194800 918
1049281200 1052
1049367600 983
1049454000 917
1049540400 961
1049626800 1029
1049713200 975
1049799600 1030
1049886000 1028
1049972400 997
1050058800 1003
1050145200 1016
1050231600 1073
1050318000 954
1050404400 1020
1050490800 999
1050577200 991
1050663600 955
1050750000 1046
1050836400 1002
1050922800 944
1051009200 1052
1051095600 934
1051182000 986
1051268400 975
1051354800 996
1051441200 1002
1051527600 985
1051614000 994
1051700400 956
1051786800 987
1051873200 970
1051959600 940
1052046000 945
1052132400 998
1052218800 940
1052305200 1039
1052391600 935
1052478000 1026
1052564400 954
1052650800 982
1052737200 1045
1052823600 954
1052910000 973
1052996400 993
1053082800 1036
1053169200 985
1053255600 964
1053342000 969
1053428400 1022
1053514800 978
1053601200 1004
1053687600 982
1053774000 967
1053860400 851
1053946800 871
1054033200 902
1054119600 871
1054206000 995
1054292400 992
1054378800 1093
1054465200 976
1054551600 888
1054638000 876
1054724400 1003
1054810800 981
1054897200 984
1054983600 976
1055070000 867
1055156400 850
1055242800 995
1055329200 1010
1055415600 987
1055502000 965
1055588400 993
1055674800 905
1055761200 905
1055847600 999
1055934000 999
1056020400 980
1056106800 990
1056193200 948
1056279600 890
1056366000 943
1056452400 995
1056538800 1002
1056625200 836
1056711600 1117
1056798000 988
1056884400 895
1056970800 1011
1057057200 925
1057143600 899
1057230000 921
1057316400 919
1057402800 936
1057489200 998
1057575600 1008
1057662000 994
1057748400 970
1057834800 1008
1057921200 947
1058007600 940
1058094000 805
1058180400 871
1058266800 944
1058353200 974
1058439600 979
1058526000 959
1058612400 968
1058698800 955
1058785200 900
1058871600 988
1058958000 1073
1059044400 926
1059130800 985
1059217200 1102
1059303600 951
1059390000 932
1059476400 978
1059562800 1038
1059649200 948
1059735600 1009
1059822000 966
1059908400 902
1059994800 992
1060081200 921
1060167600 1052
1060254000 995
1060340400 1000
1060426800 976
1060513200 987
1060599600 861
1060686000 1027
1060772400 1018
1060858800 956
1060945200 863
1061031600 987
1061118000 911
1061204400 1030
1061290800 895
1061377200 1046
1061463600 944
1061550000 811
1061636400 982
1061722800 1065
1061809200 935
1061895600 983
1061982000 945
1062068400 956
1062154800 996
1062241200 935
1062327600 997
1062414000 896
1062500400 980
1062586800 945
1062673200 961
1062759600 995
1062846000 1030
1062932400 1060
1063018800 954
1063105200 1056
1063191600 909
1063278000 955
1063364400 940
1063450800 994
1063537200 949
1063623600 886
1063710000 922
1063796400 934
1063882800 958
1063969200 966
1064055600 899
1064142000 1041
1064228400 925
1064314800 1028
1064401200 1003
1064487600 930
1064574000 882
1064660400 943
1064746800 931
1064833200 1058
1064919600 915
1065006000 883
1065092400 1011
1065178800 964
1065265200 1011
1065351600 1034
1065438000 948
1065524400 954
1065610800 952
1065697200 1012
1065783600 913
1065870000 994
1065956400 925
1066042800 1077
1066129200 931
1066215600 1006
1066302000 951
1066388400 1050
1066474800 925
1066561200 956
1066647600 1026
1066734000 1211
1066820400 946
1066906800 1050
1066993200 972
1067079600 1068
1067169600 950
1067256000 980
1067342400 1074
1067428800 988
1067515200 1105
1067601600 992
1067688000 1012
1067774400 1092
1067860800 1007
1067947200 1025
1068033600 952
1068120000 1096
1068206400 1081
1068292800 1032
1068379200 1035
1068465600 971
1068552000 1087
1068638400 1025
1068724800 931
1068811200 1030
1068897600 1077
1068984000 816
1069070400 977
1069156800 928
1069243200 1060
1069329600 997
1069416000 1049
1069502400 1042
1069588800 1015
1069675200 1178
1069761600 1016
1069848000 1003
1069934400 867
1070020800 1073
1070107200 1037
1070193600 1037
1070280000 1074
1070366400 1087
1070452800 961
1070539200 1031
1070625600 1040
1070712000 1062
1070798400 1175
1070884800 1069
1070971200 1038
1071057600 932
1071144000 1060
1071230400 993
1071316800 971
1071403200 940
1071489600 1065
1071576000 1034
1071662400 1015
1071748800 1048
1071835200 1062
1071921600 999
1072008000 1089
1072094400 1077
1072180800 931
1072267200 1004
1072353600 1012
1072440000 1056
1072526400 920
1072612800 1058
1072699200 1065
1072785600 1049
1072872000 953
1072958400 933
1073044800 1001
1073131200 1032
1073217600 1061
1073304000 1002
1073390400 1033
1073476800 1007
1073563200 1002
1073649600 1103
1073736000 988
1073822400 904
1073908800 1016
1073995200 1030
1074081600 1132
1074168000 1042
1074254400 1005
1074340800 967
1074427200 1029
1074513600 972
1074600000 1064
1074686400 993
1074772800 1108
1074859200 1025
1074945600 982
1075032000 1119
1075118400 1072
1075204800 1058
1075291200 1006
1075377600 1009
1075464000 1005
1075550400 930
1075636800 1083
1075723200 1084
1075809600 1001
1075896000 1215
1075982400 956
1076068800 988
1076155200 964
1076241600 1065
1076328000 1039
1076414400 1091
1076500800 1124
1076587200 1035
1076673600 999
1076760000 1035
1076846400 1090
1076932800 1005
1077019200 923
1077105600 1000
1077192000 1112
1077278400 1168
1077364800 1054
1077451200 1096
1077537600 1152
1077624000 1059
1077710400 988
1077796800 1017
1077883200 970
1077969600 890
1078056000 1009
1078142400 982
1078228800 1089
1078315200 996
1078401600 1028
1078488000 994
1078574400 1003
1078660800 996
1078747200 957
1078833600 872
1078920000 1025
1079006400 1093
1079092800 1054
1079179200 1002
1079265600 997
1079352000 961
1079438400 1039
1079524800 1058
1079611200 1039
1079697600 1079
1079784000 986
1079870400 1025
1079956800 982
1080043200 932
1080129600 1037
1080216000 985
1080302400 1037
1080388800 1015
1080471600 1027
1080558000 1043
1080644400 1021
1080730800 1046
1080817200 991
1080903600 1040
1080990000 1038
1081076400 1073
1081162800 1003
1081249200 1110
1081335600 1018
1081422000 982
1081508400 1016
1081594800 1011
1081681200 966
1081767600 952
1081854000 978
1081940400 1016
1082026800 985
1082113200 976
1082199600 1042
1082286000 1000
1082372400 980
1082458800 986
1082545200 1020
1082631600 973
1082718000 1054
1082804400 1034
1082890800 974
1082977200 964
1083063600 1061
1083150000 1017
1083236400 1018
1083322800 994
1083409200 1012
1083495600 1031
1083582000 972
1083668400 1005
1083754800 1069
1083841200 1000
1083927600 977
1084014000 979
1084100400 910
1084186800 1013
1084273200 1031
1084359600 1028
1084446000 1033
1084532400 933
1084618800 1101
1084705200 1023
1084791600 984
1084878000 1087
1084964400 1096
1085050800 941
1085137200 994
1085223600 1002
1085310000 968
1085396400 1024
1085482800 969
1085569200 973
1085655600 971
1085742000 988
1085828400 1034
1085914800 942
1086001200 1021
1086087600 1000
1086174000 1032
1086260400 994
1086346800 965
1086433200 1034
1086519600 1050
1086606000 994
1086692400 1028
1086778800 1038
1086865200 1031
1086951600 1028
1087038000 1014
1087124400 1042
1087210800 955
1087297200 997
1087383600 977
1087470000 995
1087556400 1055
1087642800 932
1087729200 1038
1087815600 941
1087902000 1041
