915192000 1039
915278400 1050
915364800 1077
915451200 1060
915537600 1040
915624000 1059
915710400 1079
915796800 1024
915883200 1036
915969600 1034
916056000 1049
916142400 997
916228800 1089
916315200 1059
916401600 1047
916488000 1041
916574400 1071
916660800 1056
916747200 1106
916833600 1008
916920000 1047
917006400 1042
917092800 1108
917179200 1094
917265600 1062
917352000 1124
917438400 1019
917524800 1042
917611200 1006
917697600 1036
917784000 1080
917870400 1122
917956800 1105
918043200 1116
918129600 1058
918216000 1021
918302400 1031
918388800 1050
918475200 1085
918561600 1065
918648000 1013
918734400 1045
918820800 1027
918907200 1003
918993600 991
919080000 1034
919166400 1006
919252800 1020
919339200 1008
919425600 1054
919512000 1010
919598400 1004
919684800 1014
919771200 1098
919857600 1038
919944000 1064
920030400 1031
920116800 1066
920203200 1026
920289600 998
920376000 996
920462400 1074
920548800 1037
920635200 1085
920721600 1045
920808000 1051
920894400 1003
920980800 1062
921067200 1039
921153600 1038
921240000 1065
921326400 1069
921412800 993
921499200 1101
921585600 1061
921672000 1018
921758400 1048
921844800 1006
921931200 1001
922017600 1051
922104000 936
922190400 1084
922276800 970
922363200 898
922449600 1073
922536000 998
922618800 991
922705200 1051
922791600 1097
922878000 942
922964400 1058
923050800 975
923137200 947
923223600 1097
923310000 962
923396400 992
923482800 1043
923569200 1139
923655600 820
923742000 1072
923828400 1184
923914800 1004
924001200 944
924087600 991
924174000 975
924260400 1004
924346800 1012
924433200 1023
924519600 1003
924606000 1034
924692400 998
924778800 1146
924865200 995
924951600 1034
925038000 1079
925124400 938
925210800 961
925297200 1065
925383600 933
925470000 1150
925556400 946
925642800 1033
925729200 985
925815600 1038
925902000 975
925988400 974
926074800 1047
926161200 986
926247600 1008
926334000 1039
926420400 1142
926506800 953
926593200 1025
926679600 990
926766000 918
926852400 967
926938800 964
927025200 968
927111600 904
927198000 1218
927284400 977
927370800 1000
927457200 909
927543600 1104
927630000 1028
927716400 915
927802800 1004
927889200 1117
927975600 983
928062000 941
928148400 1037
928234800 967
928321200 1033
928407600 1077
928494000 1064
928580400 934
928666800 937
928753200 1033
928839600 1046
928926000 1122
929012400 970
929098800 958
929185200 906
929271600 903
929358000 1005
929444400 1034
929530800 1037
929617200 1029
929703600 1049
929790000 937
929876400 954
929962800 1046
930049200 864
930135600 1031
930222000 1026
930308400 1018
930394800 1029
930481200 957
930567600 893
930654000 826
930740400 1011
930826800 971
930913200 1013
930999600 855
931086000 948
931172400 952
931258800 981
931345200 895
931431600 950
931518000 957
931604400 885
931690800 941
931777200 914
931863600 1033
931950000 961
932036400 969
932122800 892
932209200 967
932295600 1100
932382000 1017
932468400 1059
932554800 901
932641200 967
932727600 908
932814000 969
932900400 828
932986800 974
933073200 916
933159600 1021
933246000 994
933332400 1029
933418800 963
933505200 1016
933591600 904
933678000 850
933764400 894
933850800 948
933937200 956
934023600 905
934110000 955
934196400 944
934282800 967
934369200 903
934455600 941
934542000 951
934628400 935
934714800 922
934801200 864
934887600 954
934974000 884
935060400 994
935146800 1017
935233200 1021
935319600 1028
935406000 966
935492400 803
935578800 952
935665200 958
935751600 1018
935838000 868
935924400 954
936010800 1000
936097200 938
936183600 951
936270000 971
936356400 965
936442800 925
936529200 866
936615600 872
936702000 1040
936788400 1020
936874800 1035
936961200 1087
937047600 1010
937134000 1128
937220400 812
937306800 1032
937393200 987
937479600 972
937566000 967
937652400 1076
937738800 959
937825200 884
937911600 935
937998000 990
938084400 1016
938170800 966
938257200 1136
938343600 903
938430000 1029
938516400 1034
938602800 999
938689200 1131
938775600 883
938862000 963
938948400 943
939034800 872
939121200 919
939207600 1049
939294000 1093
939380400 1076
939466800 1046
939553200 1106
939639600 941
939726000 907
939812400 1070
939898800 1026
939985200 924
940071600 844
940158000 1104
940244400 908
940330800 939
940417200 1077
940503600 936
940590000 932
940676400 996
940762800 909
940849200 953
940935600 1015
941022000 909
941108400 872
941194800 947
941281200 988
941371200 1005
941457600 936
941544000 1021
941630400 1010
941716800 706
941803200 952
941889600 1055
941976000 948
942062400 1071
942148800 858
942235200 938
942321600 989
942408000 972
942494400 902
942580800 929
942667200 997
942753600 906
942840000 959
942926400 1036
943012800 922
943099200 1005
943185600 1114
943272000 1015
943358400 1054
943444800 1053
943531200 980
943617600 816
943704000 1013
943790400 1172
943876800 1005
943963200 1038
944049600 1014
944136000 1155
944222400 1085
944308800 1047
944395200 1055
944481600 1082
944568000 1042
944654400 919
944740800 1034
944827200 909
944913600 959
945000000 998
945086400 1104
945172800 984
945259200 1018
945345600 1066
945432000 1091
945518400 1005
945604800 1121
945691200 1015
945777600 1040
945864000 982
945950400 990
946036800 975
946123200 1070
946209600 913
946296000 1047
946382400 912
946468800 946
946555200 979
946641600 1082
946728000 964
946814400 1052
946900800 1014
946987200 988
947073600 956
947160000 1015
947246400 976
947332800 1078
947419200 1029
947505600 979
947592000 989
947678400 937
947764800 937
947851200 1003
947937600 945
948024000 1095
948110400 1087
948196800 1012
948283200 964
948369600 1101
948456000 1003
948542400 951
948628800 1028
948715200 1069
948801600 1082
948888000 911
948974400 972
949060800 983
949147200 1014
949233600 1091
949320000 933
949406400 1042
949492800 991
949579200 992
949665600 962
949752000 1031
949838400 1110
949924800 1019
950011200 973
950097600 1076
950184000 1077
950270400 999
950356800 937
950443200 1067
950529600 1164
950616000 1046
950702400 1060
950788800 1185
950875200 1026
950961600 1031
951048000 1101
951134400 1037
951220800 987
951307200 958
951393600 1063
951480000 969
951566400 1042
951652800 1119
951739200 1147
951825600 971
951912000 991
951998400 1003
952084800 1065
952171200 1029
952257600 995
952344000 1084
952430400 922
952516800 1078
952603200 887
952689600 1018
952776000 1052
952862400 978
952948800 929
953035200 930
953121600 1125
953208000 954
953294400 1089
953380800 1115
953467200 1047
953553600 1023
953640000 1099
953726400 1064
953812800 1038
953899200 1046
953985600 1100
954068400 955
954154800 1055
954241200 1123
954327600 987
954414000 1033
954500400 1055
954586800 1024
954673200 1025
954759600 1022
954846000 901
954932400 991
955018800 1036
955105200 1025
955191600 1020
955278000 894
955364400 972
955450800 1056
955537200 1015
955623600 1019
955710000 958
955796400 1000
955882800 996
955969200 1030
956055600 1082
956142000 1013
956228400 1128
956314800 1012
956401200 1059
956487600 995
956574000 965
956660400 1063
956746800 1153
956833200 966
956919600 1045
957006000 960
957092400 925
957178800 1056
957265200 1084
957351600 975
957438000 1008
957524400 1054
957610800 982
957697200 1064
957783600 1091
957870000 1140
957956400 922
958042800 1020
958129200 1111
958215600 1013
958302000 1066
958388400 1189
958474800 948
958561200 1105
958647600 1090
958734000 959
958820400 1045
958906800 965
958993200 989
959079600 969
959166000 1062
959252400 1043
959338800 934
959425200 1165
959511600 1037
959598000 1057
959684400 1109
959770800 1181
959857200 928
959943600 973
960030000 1074
960116400 1076
960202800 1007
960289200 909
960375600 1026
960462000 1046
960548400 765
960634800 997
960721200 998
960807600 1003
960894000 1128
960980400 1007
961066800 950
961153200 1025
961239600 1055
961326000 1003
961412400 1185
961498800 1014
961585200 992
961671600 1003
961758000 1036
961844400 923
961930800 973
962017200 1081
962103600 1099
962190000 1033
962276400 1018
962362800 1032
962449200 1000
962535600 910
962622000 1014
962708400 1054
962794800 997
962881200 939
962967600 1008
963054000 1018
963140400 985
963226800 1103
963313200 1018
963399600 1087
963486000 1074
963572400 1008
963658800 1024
963745200 1000
963831600 1098
963918000 1030
964004400 1053
964090800 887
964177200 1085
964263600 1009
964350000 983
964436400 966
964522800 938
964609200 1086
964695600 915
964782000 1051
964868400 965
964954800 1008
965041200 979
965127600 1011
965214000 1041
965300400 969
965386800 1005
965473200 985
965559600 1095
965646000 1081
965732400 928
965818800 1072
965905200 925
965991600 989
966078000 1142
966164400 1080
966250800 954
966337200 970
966423600 1093
966510000 990
966596400 919
966682800 1031
966769200 995
966855600 926
966942000 1005
967028400 1034
967114800 976
967201200 1076
967287600 1025
967374000 1020
967460400 1035
967546800 980
967633200 1028
967719600 906
967806000 972
967892400 1144
967978800 1057
968065200 966
968151600 968
968238000 952
968324400 1000
968410800 1032
968497200 973
968583600 1067
968670000 1029
968756400 1131
968842800 939
968929200 898
969015600 1020
969102000 982
969188400 1128
969274800 1019
969361200 1063
969447600 965
969534000 932
969620400 973
969706800 1064
969793200 957
969879600 1049
969966000 1040
970052400 971
970138800 911
970225200 1082
970311600 1046
970398000 984
970484400 981
970570800 914
970657200 952
970743600 992
970830000 976
970916400 893
971002800 954
971089200 1034
971175600 1011
971262000 935
971348400 1037
971434800 846
971521200 932
971607600 1006
971694000 1028
971780400 1197
971866800 921
971953200 1007
972039600 1061
972126000 975
972212400 948
972298800 999
972385200 931
972471600 973
972558000 921
972644400 995
972730800 979
972820800 1015
972907200 1040
972993600 1005
973080000 997
973166400 980
973252800 965
973339200 910
973425600 1062
973512000 1029
973598400 947
973684800 1025
973771200 1038
973857600 979
973944000 1104
974030400 1013
974116800 984
974203200 1065
974289600 900
974376000 968
974462400 1029
974548800 943
974635200 978
974721600 1009
974808000 938
974894400 1019
974980800 900
975067200 980
975153600 1005
975240000 970
975326400 1033
975412800 955
975499200 1032
975585600 948
975672000 983
975758400 960
975844800 1058
975931200 1035
976017600 989
976104000 878
976190400 1014
976276800 1054
976363200 980
976449600 947
976536000 1022
976622400 922
976708800 1002
976795200 935
976881600 928
976968000 1034
977054400 1066
977140800 1056
977227200 1115
977313600 1007
977400000 1008
977486400 1027
977572800 927
977659200 1052
977745600 1112
977832000 1085
977918400 1066
978004800 973
978091200 1122
978177600 960
978264000 1068
978350400 1085
978436800 1125
978523200 1031
978609600 1118
978696000 1000
978782400 984
978868800 965
978955200 1149
979041600 1150
979128000 1101
979214400 1023
979300800 1062
979387200 1024
979473600 1014
979560000 1053
979646400 963
979732800 1087
979819200 998
979905600 1001
979992000 1014
980078400 972
980164800 1007
980251200 1066
980337600 1026
980424000 994
980510400 1046
980596800 902
980683200 1040
980769600 1059
980856000 1012
980942400 1027
981028800 978
981115200 1156
981201600 991
981288000 1036
981374400 1049
981460800 1035
981547200 956
981633600 1022
981720000 1045
981806400 1069
981892800 980
981979200 1078
982065600 1004
982152000 1051
982238400 1057
982324800 1097
982411200 970
982497600 954
982584000 1113
982670400 1160
982756800 1012
982843200 903
982929600 1092
983016000 1027
983102400 1081
983188800 1084
983275200 1100
983361600 1039
983448000 1181
983534400 1175
983620800 1046
983707200 1115
983793600 946
983880000 1065
983966400 1111
984052800 1068
984139200 993
984225600 1026
984312000 999
984398400 1227
984484800 1103
984571200 1004
984657600 1199
984744000 1142
984830400 1010
984916800 947
985003200 1158
985089600 1210
985176000 971
985262400 1049
985348800 974
985435200 1103
985518000 1092
985604400 1052
985690800 1068
985777200 1034
985863600 977
985950000 1028
986036400 1108
986122800 1030
986209200 1085
986295600 1145
986382000 1134
986468400 1064
986554800 1175
986641200 1045
986727600 1272
986814000 1081
986900400 1135
986986800 1055
987073200 1111
987159600 1018
987246000 993
987332400 990
987418800 1036
987505200 1151
987591600 955
987678000 1150
987764400 1035
987850800 1125
987937200 1064
988023600 1065
988110000 1033
988196400 1077
988282800 1095
988369200 961
988455600 1030
988542000 1046
988628400 1096
988714800 1094
988801200 970
988887600 1095
988974000 1104
989060400 1183
989146800 1010
989233200 990
989319600 1086
989406000 997
989492400 1015
989578800 1125
989665200 1143
989751600 996
989838000 1102
989924400 1149
990010800 1028
990097200 1098
990183600 1090
990270000 1099
990356400 990
990442800 1030
990529200 1053
990615600 1033
990702000 1101
990788400 1083
990874800 1035
990961200 1088
991047600 1012
991134000 998
991220400 918
991306800 1177
991393200 899
991479600 1095
991566000 1104
991652400 1018
991738800 1019
991825200 1099
991911600 969
991998000 1048
992084400 1079
992170800 1096
992257200 1020
992343600 1148
992430000 984
992516400 1049
992602800 973
992689200 1013
992775600 1090
992862000 1048
992948400 968
993034800 995
993121200 1043
993207600 1052
993294000 959
993380400 1109
993466800 1074
993553200 1055
993639600 1097
993726000 965
993812400 1019
993898800 957
993985200 1049
994071600 993
994158000 947
994244400 1028
994330800 942
994417200 1044
994503600 966
994590000 1109
994676400 1073
994762800 1108
994849200 967
994935600 1079
995022000 1040
995108400 1111
995194800 999
995281200 1037
995367600 968
995454000 1014
995540400 1099
995626800 1055
995713200 1128
995799600 1155
995886000 1132
995972400 1010
996058800 1037
996145200 1100
996231600 1079
996318000 1120
996404400 1043
996490800 1185
996577200 1033
996663600 1021
996750000 1019
996836400 1137
996922800 1049
997009200 925
997095600 1019
997182000 1088
997268400 970
997354800 1054
997441200 1090
997527600 1011
997614000 932
997700400 992
997786800 1123
997873200 1106
997959600 952
998046000 1110
998132400 842
998218800 1094
998305200 1018
998391600 1048
998478000 978
998564400 1022
998650800 914
998737200 944
998823600 837
998910000 934
998996400 958
999082800 1020
999169200 1033
999255600 975
999342000 1084
999428400 1038
999514800 992
999601200 1047
999687600 1104
999774000 1040
999860400 1048
999946800 1028
1000033200 997
1000119600 1077
1000206000 1128
1000292400 937
1000378800 926
1000465200 1011
1000551600 1124
1000638000 972
1000724400 1098
1000810800 969
1000897200 1065
1000983600 955
1001070000 1012
1001156400 1019
1001242800 1079
1001329200 1076
1001415600 1180
1001502000 1065
