1356994800 6
1357081200 25
1357167600 18
1357254000 51
1357340400 23
1357426800 6
1357513200 19
1357599600 36
1357686000 21
1357772400 23
1357858800 45
1357945200 25
1358031600 12
1358118000 13
1358204400 25
1358290800 33
1358377200 32
1358463600 37
1358550000 28
1358636400 14
1358722800 14
1358809200 29
1358895600 19
1358982000 18
1359068400 20
1359154800 20
1359241200 4
1359327600 10
1359414000 21
1359500400 22
1359586800 28
1359673200 14
1359759600 22
1359846000 9
1359932400 15
1360018800 21
1360105200 33
1360191600 28
1360278000 43
1360364400 11
1360450800 6
1360537200 25
1360623600 40
1360710000 21
1360796400 26
1360882800 19
1360969200 14
1361055600 6
1361142000 14
1361228400 30
1361314800 37
1361401200 37
1361487600 30
1361574000 20
1361660400 16
1361746800 19
1361833200 14
1361919600 45
1362006000 48
1362092400 19
1362178800 26
1362265200 12
1362351600 13
1362438000 34
1362524400 46
1362610800 33
1362697200 28
1362783600 30
1362870000 5
1362956400 15
1363042800 32
1363129200 21
1363215600 13
1363302000 25
1363388400 12
1363474800 14
1363561200 10
1363647600 17
1363734000 17
1363820400 7
1363906800 17
1363993200 19
1364079600 7
1364166000 5
1364252400 14
1364338800 10
1364425200 2
1364511600 12
1364598000 10
1364684400 7
1364767200 5
1364853600 9
1364940000 18
1365026400 29
1365112800 5
1365199200 15
1365285600 10
1365372000 11
1365458400 11
1365544800 21
1365631200 18
1365717600 27
1365804000 15
1365890400 8
1365976800 6
1366063200 14
1366149600 20
1366236000 11
1366322400 13
1366408800 20
1366495200 4
1366581600 7
1366668000 13
1366754400 23
1366840800 9
1366927200 20
1367013600 11
1367100000 5
1367186400 10
1367272800 23
1367359200 11
1367445600 15
1367532000 18
1367618400 8
1367704800 9
1367791200 9
1367877600 13
1367964000 21
1368050400 25
1368136800 18
1368223200 12
1368309600 3
1368396000 12
1368482400 17
1368568800 28
1368655200 14
1368741600 21
1368828000 6
1368914400 3
1369000800 8
1369087200 9
1369173600 13
1369260000 10
1369346400 18
1369432800 10
1369519200 7
1369605600 5
1369692000 7
1369778400 7
1369864800 23
1369951200 7
1370037600 12
1370124000 1
1370210400 8
1370296800 14
1370383200 10
1370469600 31
1370556000 27
1370642400 20
1370728800 6
1370815200 5
1370901600 4
1370988000 18
1371074400 8
1371160800 16
1371247200 3
1371333600 3
1371420000 5
1371506400 13
1371592800 17
1371679200 9
1371765600 8
1371852000 4
1371938400 9
1372024800 7
1372111200 10
1372197600 8
1372284000 16
1372370400 8
1372456800 4
1372543200 6
1372629600 2
1372716000 9
1372802400 9
1372888800 4
1372975200 6
1373061600 7
1373148000 3
1373234400 5
1373320800 7
1373407200 14
1373493600 8
1373580000 4
1373666400 4
1373752800 1
1373839200 1
1373925600 5
1374012000 4
1374098400 7
1374184800 4
1374271200 4
1374357600 3
1374444000 2
1374530400 11
1374616800 11
1374703200 5
1374789600 7
1374876000 2
1374962400 3
1375048800 4
1375135200 10
1375221600 6
1375308000 10
1375394400 1
1375480800 5
1375567200 3
1375653600 3
1375740000 3
1375826400 2
1375912800 4
1375999200 4
1376085600 1
1376172000 3
1376344800 4
1376431200 7
1376517600 1
1376604000 2
1376690400 3
1376776800 1
1376949600 1
1377036000 3
1377122400 2
1377208800 1
1377295200 1
1377381600 1
1377468000 1
1377554400 1
1377640800 2
1377727200 1
1377813600 1
1377900000 4
1377986400 1
1378418400 2
1378764000 3
1378850400 1
1378936800 1
1379023200 2
1379109600 4
1379196000 1
1379282400 1
1379368800 1
1379455200 6
1379541600 2
1379800800 1
1379887200 1
1379973600 2
1380060000 3
1380146400 1
1380319200 1
1380578400 3
1380664800 2
1380751200 2
1380837600 2
1380924000 1
1381010400 1
1381096800 1
1381183200 1
1381269600 5
1381356000 1
1381442400 1
1381528800 4
1381701600 3
1381788000 1
1381874400 1
1381960800 3
1382047200 3
1382306400 2
1382479200 1
1382565600 2
1382652000 1
1382824800 1
1383001200 5
1383087600 8
1383174000 1
1383346800 3
1383606000 4
1383692400 6
1383778800 2
1383865200 3
1383951600 3
1384124400 1
1384210800 2
1384297200 1
1384383600 2
1384470000 1
1384556400 1
1384642800 2
1384815600 2
1384988400 2
1385074800 4
1385247600 2
1385420400 4
1385593200 2
1385679600 2
1385852400 2
1385938800 2
1386111600 5
1386198000 3
1386284400 4
1386370800 2
1386543600 1
1386630000 1
1386802800 1
1386889200 3
1386975600 4
1387062000 1
1387148400 3
1387234800 1
1387321200 6
1387407600 1
1387580400 2
1387753200 1
1387839600 2
1388185200 1
1388358000 1
1388444400 6
