1167692400 11
1167778800 18
1167865200 20
1167951600 37
1168038000 31
1168124400 16
1168210800 19
1168297200 17
1168383600 21
1168470000 31
1168556400 34
1168642800 26
1168729200 17
1168815600 19
1168902000 14
1168988400 25
1169074800 25
1169161200 35
1169247600 20
1169334000 32
1169420400 27
1169506800 13
1169593200 26
1169679600 29
1169766000 26
1169852400 29
1169938800 36
1170025200 10
1170111600 30
1170198000 23
1170284400 12
1170370800 31
1170457200 40
1170543600 19
1170630000 17
1170716400 15
1170802800 21
1170889200 25
1170975600 26
1171062000 30
1171148400 38
1171234800 28
1171321200 11
1171407600 20
1171494000 12
1171580400 21
1171666800 28
1171753200 26
1171839600 19
1171926000 15
1172012400 27
1172098800 25
1172185200 30
1172271600 26
1172358000 24
1172444400 19
1172530800 28
1172617200 30
1172703600 34
1172790000 47
1172876400 45
1172962800 29
1173049200 19
1173135600 20
1173222000 28
1173308400 32
1173394800 39
1173481200 31
1173567600 27
1173654000 22
1173740400 12
1173826800 40
1173913200 20
1173999600 35
1174086000 18
1174172400 13
1174258800 11
1174345200 19
1174431600 28
1174518000 20
1174604400 19
1174690800 32
1174777200 20
1174860000 13
1174946400 26
1175032800 33
1175119200 24
1175205600 26
1175292000 39
1175378400 15
1175464800 14
1175551200 12
1175637600 33
1175724000 38
1175810400 31
1175896800 41
1175983200 28
1176069600 17
1176156000 34
1176242400 34
1176328800 45
1176415200 17
1176501600 37
1176588000 32
1176674400 17
1176760800 17
1176847200 52
1176933600 39
1177020000 38
1177106400 25
1177192800 24
1177279200 10
1177365600 18
1177452000 19
1177538400 28
1177624800 37
1177711200 31
1177797600 16
1177884000 14
1177970400 30
1178056800 25
1178143200 32
1178229600 31
1178316000 40
1178402400 9
1178488800 17
1178575200 19
1178661600 25
1178748000 39
1178834400 18
1178920800 34
1179007200 18
1179093600 14
1179180000 17
1179266400 25
1179352800 25
1179439200 26
1179525600 26
1179612000 29
1179698400 20
1179784800 11
1179871200 33
1179957600 15
1180044000 21
1180130400 19
1180216800 26
1180303200 13
1180389600 9
1180476000 19
1180562400 14
1180648800 19
1180735200 15
1180821600 29
1180908000 22
1180994400 15
1181080800 20
1181167200 38
1181253600 33
1181340000 31
1181426400 25
1181512800 22
1181599200 11
1181685600 23
1181772000 16
1181858400 35
1181944800 21
1182031200 26
1182117600 13
1182204000 21
1182290400 26
1182376800 19
1182463200 34
1182549600 20
1182636000 19
1182722400 14
1182808800 14
1182895200 17
1182981600 11
1183068000 11
1183154400 23
1183240800 21
1183327200 16
1183413600 20
1183500000 37
1183586400 16
1183672800 25
1183759200 39
1183845600 22
1183932000 11
1184018400 11
1184104800 29
1184191200 35
1184277600 37
1184364000 28
1184450400 24
1184536800 12
1184623200 17
1184709600 25
1184796000 18
1184882400 23
1184968800 40
1185055200 23
1185141600 27
1185228000 14
1185314400 22
1185400800 28
1185487200 38
1185573600 34
1185660000 23
1185746400 8
1185832800 21
1185919200 29
1186005600 26
1186092000 14
1186178400 33
1186264800 13
1186351200 13
1186437600 16
1186524000 23
1186610400 27
1186696800 30
1186783200 24
1186869600 19
1186956000 16
1187042400 14
1187128800 34
1187215200 23
1187301600 21
1187388000 18
1187474400 19
1187560800 11
1187647200 15
1187733600 19
1187820000 34
1187906400 40
1187992800 27
1188079200 22
1188165600 21
1188252000 14
1188338400 28
1188424800 29
1188511200 21
1188597600 26
1188684000 21
1188770400 13
1188856800 17
1188943200 23
1189029600 27
1189116000 18
1189202400 29
1189288800 24
1189375200 19
1189461600 19
1189548000 25
1189634400 22
1189720800 34
1189807200 28
1189893600 23
1189980000 13
1190066400 13
1190152800 15
1190239200 33
1190325600 34
1190412000 16
1190498400 18
1190584800 20
1190671200 7
1190757600 19
1190844000 22
1190930400 21
1191016800 30
1191103200 24
1191189600 27
1191276000 14
1191362400 34
1191448800 34
1191535200 33
1191621600 35
1191708000 26
1191794400 14
1191880800 20
1191967200 29
1192053600 41
1192140000 48
1192226400 24
1192312800 21
1192399200 13
1192485600 16
1192572000 29
1192658400 28
1192744800 38
1192831200 29
1192917600 16
1193004000 19
1193090400 13
1193176800 31
1193263200 21
1193349600 35
1193436000 29
1193522400 20
1193612400 18
1193698800 12
1193785200 24
1193871600 32
1193958000 21
1194044400 20
1194130800 13
1194217200 15
1194303600 14
1194390000 21
1194476400 42
1194562800 26
1194649200 33
1194735600 29
1194822000 15
1194908400 20
1194994800 35
1195081200 39
1195167600 49
1195254000 33
1195340400 32
1195426800 28
1195513200 13
1195599600 32
1195686000 29
1195772400 5
1195858800 21
1195945200 19
1196031600 17
1196118000 19
1196204400 37
1196290800 32
1196377200 27
1196463600 14
1196550000 33
1196636400 18
1196722800 10
1196809200 22
1196895600 25
1196982000 33
1197068400 32
1197154800 27
1197241200 19
1197327600 10
1197414000 21
1197500400 16
1197586800 15
1197673200 25
1197759600 34
1197846000 8
1197932400 15
1198018800 30
1198105200 22
1198191600 17
1198278000 25
1198364400 19
1198450800 15
1198537200 6
1198623600 4
1198710000 21
1198796400 28
1198882800 26
1198969200 21
1199055600 2
