1167692400 250
1167778800 336
1167865200 387
1167951600 486
1168038000 471
1168124400 546
1168210800 417
1168297200 293
1168383600 436
1168470000 460
1168556400 525
1168642800 540
1168729200 574
1168815600 405
1168902000 344
1168988400 458
1169074800 428
1169161200 495
1169247600 501
1169334000 500
1169420400 446
1169506800 371
1169593200 513
1169679600 550
1169766000 472
1169852400 434
1169938800 621
1170025200 368
1170111600 329
1170198000 381
1170284400 358
1170370800 466
1170457200 451
1170543600 426
1170630000 339
1170716400 221
1170802800 356
1170889200 386
1170975600 415
1171062000 501
1171148400 527
1171234800 335
1171321200 312
1171407600 340
1171494000 209
1171580400 328
1171666800 475
1171753200 420
1171839600 334
1171926000 283
1172012400 391
1172098800 435
1172185200 483
1172271600 436
1172358000 472
1172444400 288
1172530800 265
1172617200 413
1172703600 439
1172790000 465
1172876400 464
1172962800 465
1173049200 396
1173135600 234
1173222000 282
1173308400 370
1173394800 410
1173481200 422
1173567600 450
1173654000 324
1173740400 268
1173826800 357
1173913200 352
1173999600 326
1174086000 292
1174172400 279
1174258800 262
1174345200 231
1174431600 264
1174518000 302
1174604400 273
1174690800 458
1174777200 448
1174860000 273
1174946400 262
1175032800 306
1175119200 342
1175205600 345
1175292000 427
1175378400 488
1175464800 294
1175551200 229
1175637600 343
1175724000 303
1175810400 307
1175896800 383
1175983200 418
1176069600 267
1176156000 238
1176242400 332
1176328800 314
1176415200 292
1176501600 416
1176588000 420
1176674400 224
1176760800 188
1176847200 353
1176933600 341
1177020000 354
1177106400 418
1177192800 317
1177279200 230
1177365600 216
1177452000 275
1177538400 316
1177624800 411
1177711200 483
1177797600 414
1177884000 326
1177970400 265
1178056800 277
1178143200 289
1178229600 328
1178316000 436
1178402400 292
1178488800 302
1178575200 224
1178661600 281
1178748000 316
1178834400 326
1178920800 368
1179007200 355
1179093600 260
1179180000 211
1179266400 240
1179352800 324
1179439200 374
1179525600 390
1179612000 281
1179698400 224
1179784800 229
1179871200 309
1179957600 272
1180044000 242
1180130400 334
1180216800 319
1180303200 302
1180389600 214
1180476000 189
1180562400 272
1180648800 289
1180735200 371
1180821600 367
1180908000 294
1180994400 236
1181080800 346
1181167200 346
1181253600 417
1181340000 411
1181426400 390
1181512800 402
1181599200 164
1181685600 250
1181772000 287
1181858400 338
1181944800 323
1182031200 340
1182117600 281
1182204000 187
1182290400 252
1182376800 323
1182463200 344
1182549600 322
1182636000 409
1182722400 277
1182808800 200
1182895200 247
1182981600 287
1183068000 285
1183154400 400
1183240800 375
1183327200 332
1183413600 191
1183500000 280
1183586400 255
1183672800 345
1183759200 324
1183845600 335
1183932000 267
1184018400 182
1184104800 356
1184191200 336
1184277600 414
1184364000 390
1184450400 422
1184536800 250
1184623200 187
1184709600 292
1184796000 301
1184882400 262
1184968800 408
1185055200 449
1185141600 281
1185228000 249
1185314400 315
1185400800 337
1185487200 386
1185573600 425
1185660000 356
1185746400 249
1185832800 232
1185919200 312
1186005600 325
1186092000 310
1186178400 346
1186264800 317
1186351200 293
1186437600 193
1186524000 319
1186610400 259
1186696800 338
1186783200 390
1186869600 355
1186956000 281
1187042400 222
1187128800 394
1187215200 296
1187301600 397
1187388000 329
1187474400 290
1187560800 246
1187647200 190
1187733600 326
1187820000 367
1187906400 394
1187992800 327
1188079200 324
1188165600 266
1188252000 227
1188338400 316
1188424800 255
1188511200 285
1188597600 337
1188684000 317
1188770400 261
1188856800 181
1188943200 319
1189029600 364
1189116000 352
1189202400 262
1189288800 287
1189375200 251
1189461600 190
1189548000 295
1189634400 323
1189720800 372
1189807200 367
1189893600 262
1189980000 254
1190066400 267
1190152800 343
1190239200 330
1190325600 353
1190412000 327
1190498400 330
1190584800 298
1190671200 218
1190757600 252
1190844000 266
1190930400 313
1191016800 333
1191103200 305
1191189600 273
1191276000 189
1191362400 296
1191448800 317
1191535200 349
1191621600 305
1191708000 293
1191794400 249
1191880800 211
1191967200 329
1192053600 303
1192140000 327
1192226400 370
1192312800 251
1192399200 209
1192485600 236
1192572000 335
1192658400 328
1192744800 281
1192831200 287
1192917600 297
1193004000 287
1193090400 210
1193176800 408
1193263200 341
1193349600 336
1193436000 343
1193522400 271
1193612400 246
1193698800 209
1193785200 332
1193871600 305
1193958000 280
1194044400 219
1194130800 281
1194217200 202
1194303600 210
1194390000 301
1194476400 404
1194562800 307
1194649200 357
1194735600 351
1194822000 235
1194908400 244
1194994800 309
1195081200 363
1195167600 343
1195254000 286
1195340400 328
1195426800 273
1195513200 179
1195599600 254
1195686000 267
1195772400 121
1195858800 249
1195945200 259
1196031600 227
1196118000 181
1196204400 379
1196290800 283
1196377200 336
1196463600 338
1196550000 274
1196636400 215
1196722800 123
1196809200 254
1196895600 291
1196982000 301
1197068400 376
1197154800 343
1197241200 291
1197327600 154
1197414000 298
1197500400 324
1197586800 244
1197673200 326
1197759600 266
1197846000 179
1197932400 153
1198018800 258
1198105200 223
1198191600 250
1198278000 238
1198364400 262
1198450800 167
1198537200 86
1198623600 65
1198710000 189
1198796400 256
1198882800 235
1198969200 205
1199055600 175
