1262386800 3
1262473200 3
1262646000 2
1262732400 2
1262818800 11
1262905200 6
1262991600 6
1263078000 5
1263337200 7
1263423600 7
1263510000 6
1263596400 2
1263682800 4
1263855600 2
1263942000 9
1264028400 7
1264114800 1
1264201200 6
1264287600 3
1264374000 1
1264460400 2
1264546800 3
1264633200 9
1264719600 2
1264806000 9
1264892400 7
1264978800 3
1265065200 1
1265151600 8
1265238000 6
1265324400 3
1265410800 3
1265497200 3
1265583600 4
1265756400 4
1265842800 4
1265929200 14
1266102000 1
1266361200 4
1266447600 9
1266534000 3
1266620400 6
1266706800 4
1266793200 2
1266879600 1
1266966000 1
1267052400 4
1267138800 1
1267225200 5
1267311600 4
1267398000 6
1267484400 2
1267570800 3
1267657200 7
1267743600 4
1267830000 10
1267916400 8
1268002800 7
1268175600 5
1268262000 6
1268348400 8
1268434800 6
1268521200 3
1268694000 1
1268780400 9
1268866800 7
1268953200 2
1269039600 5
1269126000 8
1269212400 2
1269298800 1
1269385200 2
1269471600 3
1269644400 3
1269730800 4
1269813600 2
1269986400 1
1270072800 3
1270159200 11
1270245600 6
1270332000 4
1270418400 2
1270504800 1
1270591200 2
1270677600 9
1270764000 1
1270850400 4
1270936800 2
1271023200 4
1271196000 4
1271282400 5
1271368800 12
1271455200 5
1271541600 7
1271714400 1
1271800800 6
1271887200 6
1271973600 2
1272060000 2
1272146400 5
1272232800 4
1272405600 2
1272492000 8
1272578400 2
1272664800 1
1272751200 4
1273010400 2
1273096800 11
1273183200 6
1273269600 6
1273356000 1
1273442400 5
1273528800 6
1273615200 1
1273701600 3
1273788000 13
1273874400 10
1273960800 3
1274047200 3
1274220000 4
1274306400 3
1274392800 7
1274479200 8
1274565600 3
1274652000 3
1274738400 7
1274824800 13
1274911200 4
1274997600 1
1275084000 2
1275170400 13
1275256800 1
1275343200 2
1275429600 6
1275516000 4
1275602400 4
1275688800 3
1275775200 7
1275948000 3
1276034400 7
1276120800 3
1276207200 6
1276293600 9
1276380000 3
1276639200 7
1276725600 3
1276812000 4
1276898400 9
1276984800 3
1277071200 1
1277244000 7
1277330400 9
1277416800 4
1277503200 5
1277762400 1
1278108000 5
1278194400 4
1278280800 1
1278367200 3
1278453600 3
1278540000 1
1278626400 5
1278712800 3
1278799200 3
1278885600 4
1279058400 2
1279144800 3
1279231200 6
1279317600 7
1279490400 2
1279576800 2
1279663200 5
1279749600 3
1279836000 2
1279922400 8
1280008800 4
1280095200 1
1280181600 2
1280268000 1
1280354400 2
1280440800 3
1280527200 5
1280613600 10
1280700000 1
1280786400 2
1280872800 2
1280959200 10
1281045600 7
1281132000 4
1281218400 1
1281304800 2
1281391200 2
1281564000 6
1281650400 2
1281736800 2
1281823200 1
1281909600 1
1281996000 2
1282082400 1
1282168800 6
1282255200 4
1282341600 7
1282428000 2
1282514400 2
1282600800 1
1282687200 5
1282773600 3
1282860000 4
1282946400 2
1283032800 6
1283119200 3
1283205600 3
1283292000 6
1283378400 3
1283464800 9
1283551200 1
1283724000 3
1283810400 1
1283896800 4
1283983200 3
1284069600 2
1284156000 3
1284242400 6
1284328800 4
1284415200 1
1284501600 3
1284588000 5
1284674400 7
1284760800 3
1284847200 10
1284933600 3
1285020000 2
1285106400 4
1285192800 9
1285279200 8
1285365600 8
1285452000 4
1285538400 9
1285624800 4
1285711200 4
1285797600 8
1285884000 6
1285970400 5
1286056800 3
1286143200 3
1286316000 2
1286402400 3
1286488800 16
1286575200 15
1286661600 7
1286748000 5
1286834400 2
1286920800 9
1287007200 5
1287093600 6
1287266400 7
1287352800 1
1287439200 2
1287525600 12
1287612000 2
1287698400 10
1287784800 2
1287871200 1
1287957600 4
1288044000 1
1288130400 3
1288216800 4
1288303200 1
1288476000 7
1288566000 3
1288652400 2
1288738800 2
1288825200 5
1288911600 7
1288998000 8
1289084400 9
1289170800 4
1289257200 2
1289343600 4
1289430000 3
1289516400 5
1289602800 2
1289689200 10
1289775600 3
1289862000 1
1289948400 5
1290034800 8
1290121200 1
1290207600 5
1290294000 4
1290380400 4
1290466800 1
1290553200 8
1290639600 2
1290812400 3
1290898800 2
1290985200 2
1291071600 2
1291158000 5
1291244400 3
1291330800 3
1291417200 2
1291503600 3
1291590000 3
1291849200 3
1291935600 8
1292022000 7
1292108400 2
1292281200 1
1292367600 2
1292540400 6
1292626800 3
1292713200 3
1292799600 2
1292886000 1
1292972400 3
1293058800 6
1293231600 2
1293404400 2
1293663600 6
1293750000 3
