1262386800 84
1262473200 68
1262559600 48
1262646000 21
1262732400 76
1262818800 108
1262905200 100
1262991600 92
1263078000 88
1263164400 53
1263250800 47
1263337200 83
1263423600 93
1263510000 107
1263596400 156
1263682800 115
1263769200 75
1263855600 78
1263942000 108
1264028400 92
1264114800 109
1264201200 121
1264287600 95
1264374000 65
1264460400 29
1264546800 97
1264633200 92
1264719600 74
1264806000 127
1264892400 111
1264978800 75
1265065200 80
1265151600 86
1265238000 78
1265324400 95
1265410800 88
1265497200 43
1265583600 57
1265670000 22
1265756400 73
1265842800 64
1265929200 88
1266015600 104
1266102000 111
1266188400 50
1266274800 27
1266361200 64
1266447600 80
1266534000 113
1266620400 115
1266706800 112
1266793200 50
1266879600 27
1266966000 66
1267052400 117
1267138800 83
1267225200 79
1267311600 124
1267398000 70
1267484400 43
1267570800 54
1267657200 80
1267743600 92
1267830000 98
1267916400 121
1268002800 36
1268089200 21
1268175600 83
1268262000 94
1268348400 100
1268434800 110
1268521200 84
1268607600 58
1268694000 38
1268780400 101
1268866800 105
1268953200 81
1269039600 113
1269126000 108
1269212400 80
1269298800 35
1269385200 103
1269471600 103
1269558000 89
1269644400 99
1269730800 112
1269813600 46
1269900000 30
1269986400 67
1270072800 94
1270159200 98
1270245600 124
1270332000 105
1270418400 33
1270504800 36
1270591200 85
1270677600 101
1270764000 126
1270850400 126
1270936800 126
1271023200 99
1271109600 77
1271196000 82
1271282400 108
1271368800 113
1271455200 122
1271541600 94
1271628000 59
1271714400 46
1271800800 106
1271887200 77
1271973600 120
1272060000 116
1272146400 96
1272232800 65
1272319200 28
1272405600 88
1272492000 109
1272578400 83
1272664800 90
1272751200 70
1272837600 24
1272924000 39
1273010400 73
1273096800 93
1273183200 112
1273269600 117
1273356000 103
1273442400 42
1273528800 28
1273615200 79
1273701600 54
1273788000 115
1273874400 116
1273960800 78
1274047200 62
1274133600 41
1274220000 56
1274306400 98
1274392800 99
1274479200 154
1274565600 88
1274652000 58
1274738400 59
1274824800 102
1274911200 110
1274997600 124
1275084000 154
1275170400 94
1275256800 71
1275343200 40
1275429600 74
1275516000 66
1275602400 112
1275688800 108
1275775200 81
1275861600 49
1275948000 41
1276034400 114
1276120800 83
1276207200 98
1276293600 93
1276380000 60
1276466400 37
1276552800 44
1276639200 87
1276725600 92
1276812000 110
1276898400 89
1276984800 98
1277071200 45
1277157600 53
1277244000 54
1277330400 104
1277416800 102
1277503200 83
1277589600 73
1277676000 46
1277762400 45
1277848800 85
1277935200 119
1278021600 78
1278108000 95
1278194400 98
1278280800 65
1278367200 93
1278453600 103
1278540000 67
1278626400 65
1278712800 89
1278799200 124
1278885600 59
1278972000 56
1279058400 64
1279144800 69
1279231200 125
1279317600 70
1279404000 42
1279490400 35
1279576800 17
1279663200 65
1279749600 60
1279836000 76
1279922400 74
1280008800 34
1280095200 38
1280181600 30
1280268000 45
1280354400 58
1280440800 71
1280527200 93
1280613600 109
1280700000 89
1280786400 41
1280872800 56
1280959200 101
1281045600 102
1281132000 75
1281218400 60
1281304800 26
1281391200 35
1281477600 68
1281564000 69
1281650400 48
1281736800 91
1281823200 82
1281909600 36
1281996000 39
1282082400 58
1282168800 91
1282255200 105
1282341600 96
1282428000 69
1282514400 42
1282600800 33
1282687200 103
1282773600 99
1282860000 149
1282946400 65
1283032800 103
1283119200 50
1283205600 58
1283292000 120
1283378400 66
1283464800 86
1283551200 73
1283637600 65
1283724000 46
1283810400 65
1283896800 78
1283983200 81
1284069600 67
1284156000 87
1284242400 61
1284328800 41
1284415200 54
1284501600 60
1284588000 87
1284674400 83
1284760800 71
1284847200 89
1284933600 68
1285020000 54
1285106400 84
1285192800 102
1285279200 77
1285365600 110
1285452000 99
1285538400 90
1285624800 63
1285711200 89
1285797600 115
1285884000 107
1285970400 73
1286056800 77
1286143200 48
1286229600 44
1286316000 75
1286402400 98
1286488800 99
1286575200 96
1286661600 96
1286748000 58
1286834400 61
1286920800 57
1287007200 95
1287093600 69
1287180000 81
1287266400 92
1287352800 47
1287439200 44
1287525600 64
1287612000 73
1287698400 107
1287784800 99
1287871200 60
1287957600 26
1288044000 28
1288130400 80
1288216800 72
1288303200 78
1288389600 83
1288476000 63
1288566000 60
1288652400 45
1288738800 58
1288825200 74
1288911600 78
1288998000 113
1289084400 74
1289170800 55
1289257200 23
1289343600 112
1289430000 67
1289516400 86
1289602800 107
1289689200 103
1289775600 38
1289862000 31
1289948400 67
1290034800 64
1290121200 78
1290207600 74
1290294000 73
1290380400 52
1290466800 42
1290553200 111
1290639600 55
1290726000 11
1290812400 54
1290898800 135
1290985200 43
1291071600 31
1291158000 82
1291244400 68
1291330800 64
1291417200 60
1291503600 72
1291590000 44
1291676400 21
1291762800 84
1291849200 93
1291935600 59
1292022000 90
1292108400 48
1292194800 19
1292281200 20
1292367600 56
1292454000 62
1292540400 61
1292626800 54
1292713200 52
1292799600 29
1292886000 31
1292972400 64
1293058800 50
1293145200 39
1293231600 17
1293318000 11
1293404400 21
1293490800 3
1293577200 28
1293663600 50
1293750000 58
