1230764400 16
1230850800 35
1230937200 38
1231023600 24
1231110000 32
1231196400 29
1231282800 46
1231369200 42
1231455600 63
1231542000 60
1231628400 20
1231714800 31
1231801200 47
1231887600 71
1231974000 51
1232060400 52
1232146800 43
1232233200 44
1232319600 26
1232406000 23
1232492400 54
1232578800 26
1232665200 34
1232751600 29
1232838000 23
1232924400 15
1233010800 37
1233097200 23
1233183600 53
1233270000 64
1233356400 20
1233442800 21
1233529200 12
1233615600 39
1233702000 53
1233788400 51
1233874800 43
1233961200 36
1234047600 22
1234134000 39
1234220400 58
1234306800 57
1234393200 44
1234479600 53
1234566000 37
1234652400 23
1234738800 44
1234825200 49
1234911600 47
1234998000 54
1235084400 59
1235170800 28
1235257200 28
1235343600 16
1235430000 45
1235516400 63
1235602800 61
1235689200 46
1235775600 49
1235862000 18
1235948400 27
1236034800 41
1236121200 58
1236207600 38
1236294000 28
1236380400 33
1236466800 32
1236553200 43
1236639600 37
1236726000 46
1236812400 47
1236898800 36
1236985200 31
1237071600 26
1237158000 19
1237244400 57
1237330800 64
1237417200 67
1237503600 38
1237590000 40
1237676400 17
1237762800 36
1237849200 56
1237935600 83
1238022000 54
1238108400 34
1238194800 22
1238281200 21
1238364000 28
1238450400 45
1238536800 54
1238623200 53
1238709600 58
1238796000 46
1238882400 18
1238968800 23
1239055200 42
1239141600 45
1239228000 33
1239314400 32
1239400800 24
1239487200 36
1239573600 28
1239660000 37
1239746400 36
1239832800 39
1239919200 31
1240005600 24
1240092000 17
1240178400 20
1240264800 45
1240351200 30
1240437600 27
1240524000 31
1240610400 30
1240696800 11
1240783200 13
1240869600 27
1240956000 44
1241042400 48
1241128800 23
1241215200 17
1241301600 17
1241388000 22
1241474400 29
1241560800 25
1241647200 26
1241733600 33
1241820000 25
1241906400 9
1241992800 30
1242079200 48
1242165600 32
1242252000 33
1242338400 27
1242424800 22
1242511200 13
1242597600 17
1242684000 26
1242770400 37
1242856800 13
1242943200 21
1243029600 31
1243116000 21
1243202400 20
1243288800 37
1243375200 70
1243461600 41
1243548000 33
1243634400 28
1243720800 17
1243807200 18
1243893600 31
1243980000 28
1244066400 24
1244152800 21
1244239200 40
1244325600 23
1244412000 19
1244498400 26
1244584800 32
1244671200 28
1244757600 40
1244844000 25
1244930400 13
1245016800 8
1245103200 42
1245189600 35
1245276000 28
1245362400 31
1245448800 23
1245535200 13
1245621600 19
1245708000 26
1245794400 32
1245880800 31
1245967200 43
1246053600 25
1246140000 8
1246226400 10
1246312800 22
1246399200 17
1246485600 28
1246572000 13
1246658400 14
1246744800 8
1246831200 14
1246917600 15
1247004000 24
1247090400 25
1247176800 13
1247263200 16
1247349600 8
1247436000 18
1247522400 24
1247608800 26
1247695200 28
1247781600 13
1247868000 11
1247954400 11
1248040800 12
1248127200 29
1248213600 35
1248300000 30
1248386400 24
1248472800 23
1248559200 7
1248645600 13
1248732000 29
1248818400 38
1248904800 28
1248991200 36
1249077600 23
1249164000 11
1249250400 19
1249336800 20
1249423200 18
1249509600 16
1249596000 21
1249682400 11
1249768800 15
1249855200 13
1249941600 9
1250028000 19
1250114400 21
1250200800 21
1250287200 15
1250373600 5
1250460000 16
1250546400 25
1250632800 27
1250719200 23
1250805600 18
1250892000 8
1250978400 21
1251064800 12
1251151200 18
1251237600 17
1251324000 42
1251410400 21
1251496800 18
1251583200 7
1251669600 6
1251756000 11
1251842400 31
1251928800 31
1252015200 17
1252101600 19
1252188000 9
1252274400 12
1252360800 16
1252447200 18
1252533600 14
1252620000 11
1252706400 19
1252792800 10
1252879200 8
1252965600 41
1253052000 17
1253138400 40
1253224800 26
1253311200 39
1253397600 5
1253484000 11
1253570400 29
1253656800 19
1253743200 11
1253829600 22
1253916000 19
1254002400 11
1254088800 9
1254175200 17
1254261600 40
1254348000 38
1254434400 33
1254520800 21
1254607200 10
1254693600 13
1254780000 20
1254866400 22
1254952800 29
1255039200 34
1255125600 33
1255212000 14
1255298400 22
1255384800 23
1255471200 26
1255557600 20
1255644000 30
1255730400 13
1255816800 20
1255903200 14
1255989600 28
1256076000 24
1256162400 26
1256248800 37
1256335200 15
1256421600 25
1256511600 13
1256598000 51
1256684400 21
1256770800 40
1256857200 18
1256943600 10
1257030000 10
1257116400 18
1257202800 35
1257289200 35
1257375600 27
1257462000 16
1257548400 31
1257634800 25
1257721200 19
1257807600 20
1257894000 35
1257980400 24
1258066800 16
1258153200 17
1258239600 15
1258326000 19
1258412400 33
1258498800 21
1258585200 41
1258671600 26
1258758000 25
1258844400 22
1258930800 22
1259017200 20
1259103600 26
1259190000 4
1259276400 40
1259362800 28
1259449200 24
1259535600 11
1259622000 29
1259708400 29
1259794800 41
1259881200 35
1259967600 14
1260054000 19
1260140400 17
1260226800 32
1260313200 29
1260399600 55
1260486000 23
1260572400 11
1260658800 16
1260745200 14
1260831600 22
1260918000 34
1261004400 21
1261090800 17
1261177200 16
1261263600 13
1261350000 11
1261436400 31
1261522800 25
1261609200 10
1261695600 6
1261782000 26
1261868400 10
1261954800 13
1262041200 24
1262127600 33
1262214000 8
