1293922800 28
1294009200 10
1294095600 16
1294182000 35
1294268400 61
1294354800 43
1294441200 39
1294527600 26
1294614000 29
1294700400 17
1294786800 30
1294873200 28
1294959600 48
1295046000 31
1295132400 22
1295218800 17
1295305200 17
1295391600 38
1295478000 54
1295564400 39
1295650800 40
1295737200 35
1295823600 24
1295910000 23
1295996400 54
1296082800 25
1296169200 23
1296255600 35
1296342000 30
1296428400 18
1296514800 12
1296601200 31
1296687600 48
1296774000 35
1296860400 51
1296946800 43
1297033200 18
1297119600 17
1297206000 49
1297292400 52
1297378800 49
1297465200 52
1297551600 42
1297638000 23
1297724400 27
1297810800 39
1297897200 47
1297983600 39
1298070000 43
1298156400 29
1298242800 24
1298329200 16
1298415600 26
1298502000 36
1298588400 28
1298674800 29
1298761200 37
1298847600 22
1298934000 26
1299020400 55
1299106800 48
1299193200 36
1299279600 32
1299366000 45
1299452400 25
1299538800 21
1299625200 24
1299711600 40
1299798000 35
1299884400 48
1299970800 36
1300057200 11
1300143600 26
1300230000 35
1300316400 43
1300402800 25
1300489200 25
1300575600 31
1300662000 20
1300748400 19
1300834800 37
1300921200 21
1301007600 42
1301094000 50
1301180400 38
1301263200 22
1301349600 21
1301436000 43
1301522400 46
1301608800 27
1301695200 27
1301781600 26
1301868000 32
1301954400 35
1302040800 45
1302127200 36
1302213600 48
1302300000 47
1302386400 30
1302472800 29
1302559200 18
1302645600 30
1302732000 42
1302818400 37
1302904800 43
1302991200 21
1303077600 28
1303164000 21
1303250400 29
1303336800 42
1303423200 29
1303509600 49
1303596000 29
1303682400 13
1303768800 21
1303855200 32
1303941600 34
1304028000 39
1304114400 29
1304200800 24
1304287200 11
1304373600 19
1304460000 41
1304546400 34
1304632800 35
1304719200 39
1304805600 36
1304892000 17
1304978400 28
1305064800 35
1305151200 46
1305237600 49
1305324000 62
1305410400 26
1305496800 12
1305583200 29
1305669600 46
1305756000 28
1305842400 29
1305928800 42
1306015200 30
1306101600 21
1306188000 20
1306274400 53
1306360800 40
1306447200 29
1306533600 40
1306620000 16
1306706400 16
1306792800 21
1306879200 27
1306965600 40
1307052000 28
1307138400 33
1307224800 23
1307311200 14
1307397600 14
1307484000 30
1307570400 36
1307656800 26
1307743200 34
1307829600 30
1307916000 28
1308002400 31
1308088800 28
1308175200 26
1308261600 32
1308348000 36
1308434400 35
1308520800 19
1308607200 17
1308693600 39
1308780000 28
1308866400 32
1308952800 32
1309039200 18
1309125600 15
1309212000 17
1309298400 39
1309384800 23
1309471200 48
1309557600 38
1309644000 27
1309730400 28
1309816800 26
1309903200 23
1309989600 29
1310076000 33
1310162400 26
1310248800 29
1310335200 28
1310421600 21
1310508000 27
1310594400 33
1310680800 35
1310767200 37
1310853600 25
1310940000 17
1311026400 26
1311112800 28
1311199200 35
1311285600 38
1311372000 34
1311458400 26
1311544800 24
1311631200 21
1311717600 36
1311804000 26
1311890400 27
1311976800 26
1312063200 30
1312149600 18
1312236000 17
1312322400 28
1312408800 30
1312495200 35
1312581600 46
1312668000 24
1312754400 19
1312840800 14
1312927200 33
1313013600 36
1313100000 34
1313186400 42
1313272800 35
1313359200 10
1313445600 18
1313532000 23
1313618400 34
1313704800 28
1313791200 29
1313877600 19
1313964000 19
1314050400 14
1314136800 32
1314223200 34
1314309600 21
1314396000 28
1314482400 9
1314568800 6
1314655200 9
1314741600 23
1314828000 31
1314914400 14
1315000800 20
1315087200 18
1315173600 18
1315260000 13
1315346400 15
1315432800 24
1315519200 19
1315605600 31
1315692000 29
1315778400 17
1315864800 14
1315951200 21
1316037600 22
1316124000 26
1316210400 21
1316296800 21
1316383200 8
1316469600 20
1316556000 27
1316642400 38
1316728800 29
1316815200 14
1316901600 32
1316988000 25
1317074400 21
1317160800 31
1317247200 26
1317333600 16
1317420000 27
1317506400 13
1317592800 15
1317679200 26
1317765600 28
1317852000 21
1317938400 8
1318024800 22
1318111200 16
1318197600 12
1318284000 26
1318370400 36
1318456800 27
1318543200 17
1318629600 16
1318716000 18
1318802400 15
1318888800 25
1318975200 29
1319061600 26
1319148000 30
1319234400 33
1319320800 29
1319407200 14
1319493600 6
1319580000 20
1319666400 26
1319752800 21
1319839200 29
1319925600 17
1320015600 14
1320102000 18
1320188400 28
1320274800 34
1320361200 27
1320447600 40
1320534000 15
1320620400 14
1320706800 13
1320793200 30
1320879600 20
1320966000 32
1321052400 28
1321138800 33
1321225200 7
1321311600 18
1321398000 29
1321484400 39
1321570800 20
1321657200 16
1321743600 27
1321830000 12
1321916400 16
1322002800 15
1322089200 28
1322175600 8
1322262000 32
1322348400 20
1322434800 21
1322521200 19
1322607600 22
1322694000 23
1322780400 27
1322866800 32
1322953200 32
1323039600 15
1323126000 24
1323212400 20
1323298800 19
1323385200 38
1323471600 22
1323558000 27
1323644400 15
1323730800 20
1323817200 22
1323903600 28
1323990000 30
1324076400 34
1324162800 17
1324249200 15
1324335600 13
1324422000 26
1324508400 26
1324594800 18
1324681200 19
1324767600 9
1324854000 6
1324940400 12
1325026800 18
1325113200 26
1325199600 28
1325286000 24
