1293922800 319
1294009200 195
1294095600 253
1294182000 447
1294268400 640
1294354800 633
1294441200 595
1294527600 429
1294614000 319
1294700400 354
1294786800 492
1294873200 484
1294959600 644
1295046000 739
1295132400 690
1295218800 497
1295305200 434
1295391600 534
1295478000 689
1295564400 711
1295650800 711
1295737200 694
1295823600 402
1295910000 524
1295996400 750
1296082800 580
1296169200 513
1296255600 742
1296342000 786
1296428400 595
1296514800 398
1296601200 550
1296687600 808
1296774000 819
1296860400 1020
1296946800 815
1297033200 459
1297119600 496
1297206000 678
1297292400 736
1297378800 712
1297465200 978
1297551600 835
1297638000 588
1297724400 531
1297810800 713
1297897200 873
1297983600 840
1298070000 885
1298156400 772
1298242800 572
1298329200 525
1298415600 657
1298502000 647
1298588400 624
1298674800 682
1298761200 823
1298847600 653
1298934000 581
1299020400 706
1299106800 702
1299193200 754
1299279600 908
1299366000 814
1299452400 502
1299538800 557
1299625200 768
1299711600 821
1299798000 589
1299884400 951
1299970800 910
1300057200 505
1300143600 549
1300230000 620
1300316400 704
1300402800 665
1300489200 779
1300575600 707
1300662000 502
1300748400 567
1300834800 638
1300921200 528
1301007600 766
1301094000 1024
1301180400 864
1301263200 570
1301349600 570
1301436000 673
1301522400 712
1301608800 607
1301695200 778
1301781600 828
1301868000 569
1301954400 728
1302040800 629
1302127200 714
1302213600 910
1302300000 846
1302386400 734
1302472800 587
1302559200 716
1302645600 656
1302732000 726
1302818400 831
1302904800 745
1302991200 504
1303077600 538
1303164000 479
1303250400 613
1303336800 794
1303423200 727
1303509600 747
1303596000 699
1303682400 481
1303768800 582
1303855200 670
1303941600 715
1304028000 701
1304114400 1020
1304200800 730
1304287200 610
1304373600 606
1304460000 627
1304546400 630
1304632800 829
1304719200 964
1304805600 752
1304892000 542
1304978400 634
1305064800 812
1305151200 851
1305237600 830
1305324000 969
1305410400 753
1305496800 514
1305583200 557
1305669600 631
1305756000 582
1305842400 668
1305928800 884
1306015200 784
1306101600 568
1306188000 528
1306274400 666
1306360800 688
1306447200 691
1306533600 658
1306620000 653
1306706400 525
1306792800 556
1306879200 527
1306965600 604
1307052000 591
1307138400 786
1307224800 645
1307311200 493
1307397600 603
1307484000 528
1307570400 606
1307656800 509
1307743200 808
1307829600 714
1307916000 574
1308002400 502
1308088800 620
1308175200 635
1308261600 713
1308348000 680
1308434400 857
1308520800 539
1308607200 476
1308693600 638
1308780000 614
1308866400 678
1308952800 621
1309039200 668
1309125600 546
1309212000 489
1309298400 666
1309384800 845
1309471200 868
1309557600 761
1309644000 707
1309730400 684
1309816800 588
1309903200 572
1309989600 581
1310076000 590
1310162400 628
1310248800 649
1310335200 529
1310421600 521
1310508000 540
1310594400 611
1310680800 566
1310767200 565
1310853600 620
1310940000 508
1311026400 533
1311112800 542
1311199200 616
1311285600 625
1311372000 557
1311458400 497
1311544800 425
1311631200 485
1311717600 637
1311804000 606
1311890400 543
1311976800 547
1312063200 619
1312149600 380
1312236000 403
1312322400 524
1312408800 484
1312495200 548
1312581600 666
1312668000 602
1312754400 495
1312840800 421
1312927200 550
1313013600 682
1313100000 627
1313186400 627
1313272800 663
1313359200 249
1313445600 455
1313532000 553
1313618400 608
1313704800 552
1313791200 608
1313877600 547
1313964000 389
1314050400 485
1314136800 608
1314223200 641
1314309600 649
1314396000 627
1314482400 227
1314568800 159
1314655200 466
1314741600 636
1314828000 630
1314914400 566
1315000800 617
1315087200 599
1315173600 417
1315260000 344
1315346400 343
1315432800 523
1315519200 504
1315605600 588
1315692000 488
1315778400 361
1315864800 341
1315951200 384
1316037600 632
1316124000 560
1316210400 799
1316296800 559
1316383200 441
1316469600 458
1316556000 623
1316642400 746
1316728800 815
1316815200 761
1316901600 835
1316988000 581
1317074400 577
1317160800 659
1317247200 768
1317333600 688
1317420000 756
1317506400 643
1317592800 632
1317679200 584
1317765600 805
1317852000 705
1317938400 822
1318024800 894
1318111200 717
1318197600 628
1318284000 595
1318370400 712
1318456800 659
1318543200 626
1318629600 537
1318716000 326
1318802400 595
1318888800 628
1318975200 801
1319061600 614
1319148000 775
1319234400 743
1319320800 716
1319407200 616
1319493600 606
1319580000 670
1319666400 692
1319752800 515
1319839200 639
1319925600 422
1320015600 565
1320102000 689
1320188400 752
1320274800 846
1320361200 916
1320447600 867
1320534000 762
1320620400 609
1320706800 693
1320793200 649
1320879600 817
1320966000 816
1321052400 721
1321138800 735
1321225200 545
1321311600 493
1321398000 651
1321484400 512
1321570800 406
1321657200 717
1321743600 629
1321830000 590
1321916400 559
1322002800 504
1322089200 635
1322175600 217
1322262000 716
1322348400 667
1322434800 590
1322521200 555
1322607600 614
1322694000 641
1322780400 653
1322866800 842
1322953200 717
1323039600 771
1323126000 627
1323212400 544
1323298800 485
1323385200 698
1323471600 803
1323558000 708
1323644400 520
1323730800 484
1323817200 485
1323903600 542
1323990000 586
1324076400 646
1324162800 582
1324249200 365
1324335600 359
1324422000 651
1324508400 595
1324594800 701
1324681200 568
1324767600 217
1324854000 88
1324940400 406
1325026800 546
1325113200 648
1325199600 625
1325286000 644
