1136156400 775
1136242800 873
1136329200 1012
1136415600 1270
1136502000 1430
1136588400 1597
1136674800 1199
1136761200 1099
1136847600 1188
1136934000 1504
1137020400 1669
1137106800 1853
1137193200 1821
1137279600 1296
1137366000 895
1137452400 1259
1137538800 1506
1137625200 1522
1137711600 1888
1137798000 1919
1137884400 1414
1137970800 1258
1138057200 1416
1138143600 1736
1138230000 1866
1138316400 1736
1138402800 1667
1138489200 1691
1138575600 1222
1138662000 1354
1138748400 1554
1138834800 1843
1138921200 1837
1139007600 1835
1139094000 1529
1139180400 997
1139266800 1310
1139353200 1774
1139439600 1953
1139526000 1707
1139612400 1806
1139698800 1276
1139785200 448
1139871600 894
1139958000 1327
1140044400 1939
1140130800 2005
1140217200 1882
1140303600 1365
1140390000 1118
1140476400 1359
1140562800 1811
1140649200 1833
1140735600 1767
1140822000 1455
1140908400 1475
1140994800 972
1141081200 1119
1141167600 1618
1141254000 1739
1141340400 1464
1141426800 1580
1141513200 1435
1141599600 1188
1141686000 1487
1141772400 1818
1141858800 1941
1141945200 1759
1142031600 1723
1142118000 1570
1142204400 1178
1142290800 1359
1142377200 1717
1142463600 1887
1142550000 1623
1142636400 1458
1142722800 1439
1142809200 1273
1142895600 1295
1142982000 1722
1143068400 1815
1143154800 1765
1143241200 1685
1143327600 1486
1143410400 1145
1143496800 1360
1143583200 1695
1143669600 1775
1143756000 1546
1143842400 1651
1143928800 1376
1144015200 1057
1144101600 1125
1144188000 1776
1144274400 1542
1144360800 1690
1144447200 1701
1144533600 1335
1144620000 1125
1144706400 1076
1144792800 1664
1144879200 1991
1144965600 1727
1145052000 1519
1145138400 1352
1145224800 912
1145311200 1260
1145397600 1363
1145484000 1451
1145570400 1455
1145656800 1390
1145743200 1024
1145829600 945
1145916000 1055
1146002400 1463
1146088800 1806
1146175200 1761
1146261600 1669
1146348000 1231
1146434400 1051
1146520800 1153
1146607200 1603
1146693600 1625
1146780000 1596
1146866400 1693
1146952800 1486
1147039200 1129
1147125600 1419
1147212000 1544
1147298400 1787
1147384800 1779
1147471200 1964
1147557600 1602
1147644000 986
1147730400 1166
1147816800 1689
1147903200 1667
1147989600 1622
1148076000 1557
1148162400 1313
1148248800 974
1148335200 1064
1148421600 1560
1148508000 1687
1148594400 1481
1148680800 1570
1148767200 1343
1148853600 967
1148940000 883
1149026400 1440
1149112800 1635
1149199200 1441
1149285600 1420
1149372000 1270
1149458400 1151
1149544800 1310
1149631200 1955
1149717600 1626
1149804000 1662
1149890400 1583
1149976800 1408
1150063200 1166
1150149600 1270
1150236000 1711
1150322400 1827
1150408800 1710
1150495200 1523
1150581600 1312
1150668000 966
1150754400 1127
1150840800 1470
1150927200 1592
1151013600 1613
1151100000 1493
1151186400 1141
1151272800 1072
1151359200 950
1151445600 1486
1151532000 1324
1151618400 1308
1151704800 1186
1151791200 1067
1151877600 842
1151964000 868
1152050400 975
1152136800 1247
1152223200 1467
1152309600 1469
1152396000 1144
1152482400 951
1152568800 1127
1152655200 1418
1152741600 1439
1152828000 1538
1152914400 1528
1153000800 1230
1153087200 966
1153173600 921
1153260000 1228
1153346400 1521
1153432800 1523
1153519200 1404
1153605600 1171
1153692000 994
1153778400 1112
1153864800 1513
1153951200 1527
1154037600 1622
1154124000 1352
1154210400 1096
1154296800 1100
1154383200 994
1154469600 1337
1154556000 1391
1154642400 1479
1154728800 1461
1154815200 1313
1154901600 1237
1154988000 1167
1155074400 1696
1155160800 1723
1155247200 1549
1155333600 1600
1155420000 1424
1155506400 1215
1155592800 1130
1155679200 1598
1155765600 1663
1155852000 1607
1155938400 1618
1156024800 1288
1156111200 1121
1156197600 1180
1156284000 1535
1156370400 1723
1156456800 1418
1156543200 1312
1156629600 1226
1156716000 1071
1156802400 1061
1156888800 1436
1156975200 1442
1157061600 1457
1157148000 1316
1157234400 1037
1157320800 1002
1157407200 862
1157493600 1298
1157580000 1694
1157666400 1584
1157752800 1539
1157839200 1407
1157925600 1022
1158012000 1041
1158098400 1148
1158184800 1675
1158271200 1636
1158357600 1504
1158444000 1495
1158530400 998
1158616800 1129
1158703200 1395
1158789600 1577
1158876000 1644
1158962400 1481
1159048800 1417
1159135200 1301
1159221600 1277
1159308000 1596
1159394400 1555
1159480800 1713
1159567200 1452
1159653600 1602
1159740000 999
1159826400 1181
1159912800 1496
1159999200 1457
1160085600 1321
1160172000 1812
1160258400 1379
1160344800 1173
1160431200 1226
1160517600 1587
1160604000 1273
1160690400 1500
1160776800 1632
1160863200 1484
1160949600 1033
1161036000 1318
1161122400 1310
1161208800 1522
1161295200 1569
1161381600 1624
1161468000 1444
1161554400 1230
1161640800 1075
1161727200 1430
1161813600 1740
1161900000 1622
1161986400 1449
1162072800 1244
1162162800 1076
1162249200 1014
1162335600 1861
1162422000 1343
1162508400 1367
1162594800 1391
1162681200 1396
1162767600 1157
1162854000 1127
1162940400 1267
1163026800 1191
1163113200 1724
1163199600 1617
1163286000 1450
1163372400 1044
1163458800 932
1163545200 1442
1163631600 1527
1163718000 1316
1163804400 1430
1163890800 1613
1163977200 1272
1164063600 1038
1164150000 1357
1164236400 1180
1164322800 548
1164409200 1262
1164495600 1501
1164582000 1143
1164668400 1080
1164754800 1315
1164841200 1268
1164927600 1333
1165014000 1214
1165100400 1242
1165186800 1077
1165273200 945
1165359600 1166
1165446000 1404
1165532400 1444
1165618800 1251
1165705200 1410
1165791600 1233
1165878000 985
1165964400 1393
1166050800 1175
1166137200 1285
1166223600 1285
1166310000 1271
1166396400 991
1166482800 1007
1166569200 1147
1166655600 1170
1166742000 1057
1166828400 1003
1166914800 1058
1167001200 611
1167087600 237
1167174000 1021
1167260400 1261
1167346800 1359
1167433200 1332
1167519600 1113
