1136156400 16
1136242800 29
1136329200 32
1136415600 38
1136502000 45
1136588400 50
1136674800 33
1136761200 34
1136847600 43
1136934000 60
1137020400 52
1137106800 58
1137193200 72
1137279600 27
1137366000 30
1137452400 24
1137538800 46
1137625200 62
1137711600 69
1137798000 32
1137884400 43
1137970800 43
1138057200 33
1138143600 68
1138230000 57
1138316400 60
1138402800 50
1138489200 47
1138575600 31
1138662000 37
1138748400 52
1138834800 83
1138921200 61
1139007600 85
1139094000 43
1139180400 29
1139266800 42
1139353200 60
1139439600 88
1139526000 69
1139612400 68
1139698800 38
1139785200 18
1139871600 37
1139958000 85
1140044400 85
1140130800 74
1140217200 80
1140303600 54
1140390000 51
1140476400 44
1140562800 51
1140649200 77
1140735600 65
1140822000 61
1140908400 68
1140994800 30
1141081200 41
1141167600 60
1141254000 88
1141340400 68
1141426800 81
1141513200 56
1141599600 42
1141686000 36
1141772400 78
1141858800 72
1141945200 70
1142031600 73
1142118000 52
1142204400 38
1142290800 46
1142377200 71
1142463600 100
1142550000 76
1142636400 40
1142722800 43
1142809200 47
1142895600 67
1142982000 86
1143068400 77
1143154800 65
1143241200 69
1143327600 46
1143410400 38
1143496800 41
1143583200 65
1143669600 77
1143756000 50
1143842400 70
1143928800 72
1144015200 58
1144101600 42
1144188000 83
1144274400 76
1144360800 64
1144447200 82
1144533600 66
1144620000 48
1144706400 53
1144792800 95
1144879200 79
1144965600 80
1145052000 94
1145138400 46
1145224800 24
1145311200 51
1145397600 50
1145484000 68
1145570400 50
1145656800 42
1145743200 59
1145829600 29
1145916000 50
1146002400 72
1146088800 72
1146175200 85
1146261600 56
1146348000 52
1146434400 31
1146520800 48
1146607200 58
1146693600 67
1146780000 69
1146866400 51
1146952800 59
1147039200 42
1147125600 53
1147212000 72
1147298400 96
1147384800 79
1147471200 67
1147557600 62
1147644000 36
1147730400 33
1147816800 69
1147903200 75
1147989600 57
1148076000 69
1148162400 49
1148248800 22
1148335200 34
1148421600 78
1148508000 96
1148594400 76
1148680800 75
1148767200 46
1148853600 28
1148940000 23
1149026400 57
1149112800 73
1149199200 73
1149285600 56
1149372000 46
1149458400 38
1149544800 71
1149631200 88
1149717600 72
1149804000 67
1149890400 66
1149976800 60
1150063200 35
1150149600 66
1150236000 89
1150322400 88
1150408800 86
1150495200 63
1150581600 45
1150668000 18
1150754400 44
1150840800 65
1150927200 93
1151013600 77
1151100000 65
1151186400 39
1151272800 38
1151359200 44
1151445600 45
1151532000 67
1151618400 55
1151704800 42
1151791200 58
1151877600 43
1151964000 31
1152050400 45
1152136800 48
1152223200 71
1152309600 57
1152396000 49
1152482400 33
1152568800 41
1152655200 70
1152741600 63
1152828000 80
1152914400 64
1153000800 37
1153087200 31
1153173600 50
1153260000 55
1153346400 72
1153432800 73
1153519200 56
1153605600 49
1153692000 27
1153778400 43
1153864800 70
1153951200 48
1154037600 51
1154124000 67
1154210400 43
1154296800 34
1154383200 51
1154469600 75
1154556000 69
1154642400 86
1154728800 80
1154815200 76
1154901600 52
1154988000 38
1155074400 67
1155160800 100
1155247200 66
1155333600 59
1155420000 68
1155506400 43
1155592800 41
1155679200 84
1155765600 79
1155852000 63
1155938400 64
1156024800 41
1156111200 43
1156197600 47
1156284000 83
1156370400 92
1156456800 79
1156543200 57
1156629600 56
1156716000 41
1156802400 45
1156888800 78
1156975200 69
1157061600 53
1157148000 64
1157234400 44
1157320800 28
1157407200 47
1157493600 69
1157580000 86
1157666400 58
1157752800 65
1157839200 49
1157925600 39
1158012000 52
1158098400 54
1158184800 80
1158271200 62
1158357600 53
1158444000 64
1158530400 51
1158616800 49
1158703200 64
1158789600 75
1158876000 91
1158962400 70
1159048800 67
1159135200 43
1159221600 45
1159308000 97
1159394400 79
1159480800 66
1159567200 56
1159653600 48
1159740000 46
1159826400 46
1159912800 76
1159999200 72
1160085600 72
1160172000 69
1160258400 52
1160344800 43
1160431200 48
1160517600 88
1160604000 59
1160690400 65
1160776800 66
1160863200 67
1160949600 36
1161036000 56
1161122400 72
1161208800 72
1161295200 82
1161381600 60
1161468000 50
1161554400 36
1161640800 35
1161727200 61
1161813600 74
1161900000 84
1161986400 65
1162072800 40
1162162800 42
1162249200 33
1162335600 75
1162422000 72
1162508400 60
1162594800 66
1162681200 57
1162767600 36
1162854000 34
1162940400 49
1163026800 51
1163113200 57
1163199600 64
1163286000 68
1163372400 36
1163458800 44
1163545200 69
1163631600 66
1163718000 55
1163804400 58
1163890800 53
1163977200 46
1164063600 40
1164150000 56
1164236400 44
1164322800 16
1164409200 44
1164495600 51
1164582000 42
1164668400 44
1164754800 62
1164841200 57
1164927600 50
1165014000 50
1165100400 46
1165186800 27
1165273200 53
1165359600 58
1165446000 52
1165532400 82
1165618800 71
1165705200 42
1165791600 39
1165878000 47
1165964400 69
1166050800 59
1166137200 46
1166223600 53
1166310000 46
1166396400 35
1166482800 36
1166569200 58
1166655600 49
1166742000 61
1166828400 49
1166914800 39
1167001200 17
1167087600 8
1167174000 44
1167260400 45
1167346800 71
1167433200 48
1167519600 37
