1357081200 73
1357167600 94
1357254000 63
1357340400 81
1357426800 67
1357513200 69
1357599600 48
1357686000 103
1357772400 109
1357858800 95
1357945200 106
1358031600 86
1358118000 53
1358204400 48
1358290800 81
1358377200 63
1358463600 95
1358550000 90
1358636400 94
1358722800 47
1358809200 41
1358895600 52
1358982000 69
1359068400 66
1359154800 72
1359241200 83
1359327600 43
1359414000 36
1359500400 81
1359586800 104
1359673200 70
1359759600 80
1359846000 99
1359932400 35
1360018800 44
1360105200 82
1360191600 79
1360278000 108
1360364400 43
1360450800 59
1360537200 53
1360623600 43
1360710000 102
1360796400 109
1360882800 79
1360969200 106
1361055600 88
1361142000 75
1361228400 55
1361314800 62
1361401200 104
1361487600 99
1361574000 78
1361660400 87
1361746800 58
1361833200 44
1361919600 71
1362006000 101
1362092400 69
1362178800 84
1362265200 84
1362351600 45
1362438000 41
1362524400 58
1362610800 64
1362697200 75
1362783600 78
1362870000 107
1362956400 55
1363042800 54
1363129200 49
1363215600 83
1363302000 73
1363388400 54
1363474800 55
1363561200 25
1363647600 38
1363734000 63
1363820400 74
1363906800 58
1363993200 63
1364079600 56
1364166000 37
1364252400 39
1364338800 66
1364425200 52
1364511600 66
1364598000 32
1364684400 61
1364767200 17
1364853600 37
1364940000 55
1365026400 73
1365112800 80
1365199200 50
1365285600 72
1365372000 50
1365458400 39
1365544800 69
1365631200 71
1365717600 91
1365804000 59
1365890400 60
1365976800 38
1366063200 22
1366149600 65
1366236000 85
1366322400 69
1366408800 74
1366495200 50
1366581600 48
1366668000 33
1366754400 49
1366840800 52
1366927200 55
1367013600 64
1367100000 49
1367186400 30
1367272800 27
1367359200 40
1367445600 75
1367532000 54
1367618400 83
1367704800 48
1367791200 35
1367877600 30
1367964000 66
1368050400 61
1368136800 61
1368223200 66
1368309600 58
1368396000 46
1368482400 26
1368568800 53
1368655200 54
1368741600 63
1368828000 75
1368914400 32
1369000800 29
1369087200 28
1369173600 55
1369260000 74
1369346400 51
1369432800 71
1369519200 47
1369605600 20
1369692000 30
1369778400 40
1369864800 66
1369951200 38
1370037600 41
1370124000 50
1370210400 31
1370296800 36
1370383200 87
1370469600 59
1370556000 64
1370642400 38
1370728800 44
1370815200 41
1370901600 44
1370988000 42
1371074400 67
1371160800 49
1371247200 52
1371333600 46
1371420000 29
1371506400 23
1371592800 37
1371679200 52
1371765600 57
1371852000 44
1371938400 35
1372024800 29
1372111200 30
1372197600 60
1372284000 55
1372370400 45
1372456800 27
1372543200 29
1372629600 24
1372716000 19
1372802400 46
1372888800 49
1372975200 45
1373061600 41
1373148000 43
1373234400 36
1373320800 18
1373407200 49
1373493600 48
1373580000 40
1373666400 41
1373752800 29
1373839200 21
1373925600 21
1374012000 26
1374098400 37
1374184800 48
1374271200 29
1374357600 34
1374444000 27
1374530400 24
1374616800 28
1374703200 48
1374789600 38
1374876000 40
1374962400 38
1375048800 20
1375135200 26
1375221600 31
1375308000 24
1375394400 38
1375480800 39
1375567200 44
1375653600 20
1375740000 22
1375826400 34
1375912800 42
1375999200 45
1376085600 47
1376172000 28
1376258400 35
1376344800 14
1376431200 25
1376517600 35
1376604000 24
1376690400 33
1376776800 29
1376863200 11
1376949600 15
1377036000 26
1377122400 23
1377208800 24
1377295200 27
1377381600 30
1377468000 18
1377554400 4
1377640800 18
1377727200 21
1377813600 30
1377900000 19
1377986400 8
1378072800 10
1378159200 7
1378245600 16
1378332000 32
1378418400 31
1378504800 23
1378591200 25
1378677600 15
1378764000 18
1378850400 26
1378936800 26
1379023200 27
1379109600 15
1379196000 21
1379282400 14
1379368800 19
1379455200 26
1379541600 49
1379628000 38
1379714400 24
1379800800 24
1379887200 15
1379973600 19
1380060000 27
1380146400 34
1380232800 33
1380319200 42
1380405600 28
1380492000 16
1380578400 9
1380664800 33
1380751200 38
1380837600 25
1380924000 25
1381010400 33
1381096800 13
1381183200 10
1381269600 37
1381356000 27
1381442400 25
1381528800 32
1381615200 23
1381701600 24
1381788000 14
1381874400 18
1381960800 24
1382047200 21
1382133600 21
1382220000 18
1382306400 15
1382392800 19
1382479200 14
1382565600 26
1382652000 21
1382738400 22
1382824800 20
1382914800 17
1383001200 20
1383087600 22
1383174000 25
1383260400 19
1383346800 17
1383433200 26
1383519600 9
1383606000 16
1383692400 31
1383778800 29
1383865200 21
1383951600 25
1384038000 18
1384124400 19
1384210800 31
1384297200 29
1384383600 26
1384470000 18
1384556400 26
1384642800 30
1384729200 12
1384815600 17
1384902000 23
1384988400 29
1385074800 32
1385161200 28
1385247600 18
1385334000 19
1385420400 13
1385506800 25
1385593200 20
1385679600 11
1385766000 28
1385852400 19
1385938800 12
1386025200 21
1386111600 29
1386198000 30
1386284400 35
1386370800 30
1386457200 25
1386543600 19
1386630000 14
1386716400 26
1386802800 23
1386889200 25
1386975600 25
1387062000 15
1387148400 20
1387234800 14
1387321200 10
1387407600 28
1387494000 16
1387580400 25
1387666800 13
1387753200 11
1387839600 7
1387926000 10
1388012400 3
1388098800 26
1388185200 19
1388271600 22
1388358000 16
1388444400 17
