1357081200 874
1357167600 1121
1357254000 1124
1357340400 1290
1357426800 1231
1357513200 868
1357599600 743
1357686000 1376
1357772400 1490
1357858800 1425
1357945200 1427
1358031600 1362
1358118000 1060
1358204400 824
1358290800 1204
1358377200 1257
1358463600 1467
1358550000 1430
1358636400 1429
1358722800 1093
1358809200 917
1358895600 1003
1358982000 1088
1359068400 1218
1359154800 1184
1359241200 1436
1359327600 1156
1359414000 867
1359500400 1342
1359586800 1576
1359673200 1347
1359759600 1403
1359846000 1447
1359932400 869
1360018800 726
1360105200 1222
1360191600 1345
1360278000 1358
1360364400 944
1360450800 940
1360537200 1005
1360623600 886
1360710000 1434
1360796400 1406
1360882800 1267
1360969200 1688
1361055600 1415
1361142000 1026
1361228400 950
1361314800 1146
1361401200 1313
1361487600 1413
1361574000 1638
1361660400 1500
1361746800 1135
1361833200 1008
1361919600 1274
1362006000 1412
1362092400 1614
1362178800 1548
1362265200 1539
1362351600 1044
1362438000 843
1362524400 1130
1362610800 1232
1362697200 1136
1362783600 1233
1362870000 1492
1362956400 967
1363042800 831
1363129200 838
1363215600 1081
1363302000 916
1363388400 873
1363474800 819
1363561200 667
1363647600 425
1363734000 662
1363820400 892
1363906800 780
1363993200 826
1364079600 786
1364166000 569
1364252400 422
1364338800 803
1364425200 733
1364511600 728
1364598000 683
1364684400 687
1364767200 377
1364853600 427
1364940000 586
1365026400 679
1365112800 748
1365199200 796
1365285600 818
1365372000 483
1365458400 504
1365544800 737
1365631200 749
1365717600 885
1365804000 770
1365890400 815
1365976800 583
1366063200 462
1366149600 729
1366236000 827
1366322400 881
1366408800 840
1366495200 813
1366581600 533
1366668000 545
1366754400 718
1366840800 820
1366927200 813
1367013600 810
1367100000 723
1367186400 513
1367272800 458
1367359200 865
1367445600 710
1367532000 689
1367618400 891
1367704800 685
1367791200 625
1367877600 477
1367964000 722
1368050400 730
1368136800 871
1368223200 941
1368309600 660
1368396000 449
1368482400 463
1368568800 662
1368655200 743
1368741600 840
1368828000 819
1368914400 760
1369000800 502
1369087200 464
1369173600 701
1369260000 792
1369346400 738
1369432800 759
1369519200 748
1369605600 578
1369692000 389
1369778400 570
1369864800 731
1369951200 665
1370037600 754
1370124000 574
1370210400 460
1370296800 386
1370383200 675
1370469600 681
1370556000 676
1370642400 448
1370728800 609
1370815200 555
1370901600 419
1370988000 608
1371074400 650
1371160800 522
1371247200 649
1371333600 671
1371420000 420
1371506400 370
1371592800 533
1371679200 690
1371765600 595
1371852000 587
1371938400 608
1372024800 430
1372111200 424
1372197600 571
1372284000 624
1372370400 487
1372456800 483
1372543200 465
1372629600 388
1372716000 288
1372802400 436
1372888800 446
1372975200 367
1373061600 437
1373148000 423
1373234400 339
1373320800 254
1373407200 473
1373493600 450
1373580000 447
1373666400 432
1373752800 339
1373839200 235
1373925600 186
1374012000 304
1374098400 398
1374184800 359
1374271200 356
1374357600 347
1374444000 265
1374530400 215
1374616800 382
1374703200 417
1374789600 419
1374876000 370
1374962400 376
1375048800 246
1375135200 208
1375221600 394
1375308000 427
1375394400 276
1375480800 280
1375567200 350
1375653600 233
1375740000 212
1375826400 317
1375912800 333
1375999200 340
1376085600 367
1376172000 328
1376258400 246
1376344800 134
1376431200 172
1376517600 209
1376604000 199
1376690400 198
1376776800 162
1376863200 124
1376949600 104
1377036000 167
1377122400 213
1377208800 181
1377295200 155
1377381600 129
1377468000 80
1377554400 95
1377640800 131
1377727200 167
1377813600 143
1377900000 139
1377986400 98
1378072800 74
1378159200 53
1378245600 119
1378332000 148
1378418400 155
1378504800 134
1378591200 108
1378677600 99
1378764000 113
1378850400 99
1378936800 167
1379023200 136
1379109600 130
1379196000 140
1379282400 75
1379368800 101
1379455200 166
1379541600 182
1379628000 162
1379714400 152
1379800800 149
1379887200 76
1379973600 109
1380060000 113
1380146400 181
1380232800 162
1380319200 179
1380405600 163
1380492000 65
1380578400 113
1380664800 143
1380751200 190
1380837600 156
1380924000 142
1381010400 158
1381096800 101
1381183200 94
1381269600 165
1381356000 171
1381442400 147
1381528800 168
1381615200 147
1381701600 112
1381788000 72
1381874400 158
1381960800 160
1382047200 143
1382133600 175
1382220000 142
1382306400 92
1382392800 94
1382479200 160
1382565600 190
1382652000 156
1382738400 133
1382824800 143
1382914800 81
1383001200 102
1383087600 171
1383174000 148
1383260400 147
1383346800 159
1383433200 104
1383519600 83
1383606000 96
1383692400 157
1383778800 179
1383865200 157
1383951600 214
1384038000 131
1384124400 106
1384210800 134
1384297200 181
1384383600 158
1384470000 141
1384556400 188
1384642800 167
1384729200 114
1384815600 126
1384902000 158
1384988400 195
1385074800 181
1385161200 161
1385247600 133
1385334000 88
1385420400 119
1385506800 130
1385593200 131
1385679600 61
1385766000 158
1385852400 160
1385938800 92
1386025200 109
1386111600 183
1386198000 218
1386284400 197
1386370800 131
1386457200 146
1386543600 77
1386630000 101
1386716400 137
1386802800 166
1386889200 146
1386975600 147
1387062000 91
1387148400 68
1387234800 91
1387321200 95
1387407600 150
1387494000 137
1387580400 158
1387666800 148
1387753200 93
1387839600 79
1387926000 70
1388012400 33
1388098800 159
1388185200 176
1388271600 164
1388358000 77
1388444400 77
