1136156400 199
1136242800 166
1136329200 237
1136415600 252
1136502000 325
1136588400 413
1136674800 336
1136761200 317
1136847600 281
1136934000 352
1137020400 379
1137106800 456
1137193200 452
1137279600 355
1137366000 254
1137452400 291
1137538800 372
1137625200 311
1137711600 509
1137798000 453
1137884400 417
1137970800 388
1138057200 322
1138143600 474
1138230000 467
1138316400 444
1138402800 429
1138489200 471
1138575600 409
1138662000 316
1138748400 378
1138834800 438
1138921200 419
1139007600 383
1139094000 397
1139180400 226
1139266800 299
1139353200 382
1139439600 484
1139526000 437
1139612400 412
1139698800 343
1139785200 112
1139871600 244
1139958000 342
1140044400 526
1140130800 471
1140217200 461
1140303600 302
1140390000 289
1140476400 297
1140562800 496
1140649200 446
1140735600 497
1140822000 339
1140908400 335
1140994800 190
1141081200 252
1141167600 317
1141254000 422
1141340400 345
1141426800 409
1141513200 302
1141599600 284
1141686000 287
1141772400 393
1141858800 459
1141945200 431
1142031600 372
1142118000 313
1142204400 257
1142290800 243
1142377200 384
1142463600 489
1142550000 346
1142636400 259
1142722800 253
1142809200 326
1142895600 266
1142982000 419
1143068400 379
1143154800 407
1143241200 320
1143327600 365
1143410400 228
1143496800 267
1143583200 450
1143669600 438
1143756000 256
1143842400 335
1143928800 253
1144015200 264
1144101600 271
1144188000 410
1144274400 366
1144360800 327
1144447200 370
1144533600 300
1144620000 306
1144706400 213
1144792800 371
1144879200 417
1144965600 396
1145052000 309
1145138400 310
1145224800 204
1145311200 240
1145397600 266
1145484000 306
1145570400 299
1145656800 205
1145743200 229
1145829600 222
1145916000 197
1146002400 258
1146088800 414
1146175200 369
1146261600 322
1146348000 266
1146434400 215
1146520800 187
1146607200 291
1146693600 267
1146780000 361
1146866400 345
1146952800 405
1147039200 343
1147125600 222
1147212000 406
1147298400 365
1147384800 367
1147471200 572
1147557600 425
1147644000 260
1147730400 203
1147816800 380
1147903200 387
1147989600 327
1148076000 318
1148162400 400
1148248800 299
1148335200 206
1148421600 338
1148508000 338
1148594400 299
1148680800 356
1148767200 334
1148853600 291
1148940000 190
1149026400 314
1149112800 278
1149199200 279
1149285600 322
1149372000 322
1149458400 375
1149544800 265
1149631200 366
1149717600 323
1149804000 319
1149890400 216
1149976800 244
1150063200 329
1150149600 284
1150236000 385
1150322400 385
1150408800 311
1150495200 278
1150581600 255
1150668000 190
1150754400 169
1150840800 278
1150927200 386
1151013600 327
1151100000 279
1151186400 246
1151272800 220
1151359200 182
1151445600 327
1151532000 321
1151618400 302
1151704800 200
1151791200 229
1151877600 268
1151964000 196
1152050400 278
1152136800 314
1152223200 359
1152309600 289
1152396000 259
1152482400 229
1152568800 268
1152655200 317
1152741600 324
1152828000 334
1152914400 332
1153000800 292
1153087200 279
1153173600 217
1153260000 314
1153346400 387
1153432800 345
1153519200 343
1153605600 381
1153692000 258
1153778400 247
1153864800 404
1153951200 391
1154037600 442
1154124000 396
1154210400 285
1154296800 311
1154383200 256
1154469600 361
1154556000 392
1154642400 350
1154728800 349
1154815200 328
1154901600 369
1154988000 279
1155074400 449
1155160800 470
1155247200 365
1155333600 390
1155420000 365
1155506400 410
1155592800 259
1155679200 416
1155765600 403
1155852000 410
1155938400 414
1156024800 347
1156111200 345
1156197600 328
1156284000 392
1156370400 450
1156456800 349
1156543200 363
1156629600 376
1156716000 329
1156802400 243
1156888800 368
1156975200 387
1157061600 352
1157148000 328
1157234400 338
1157320800 307
1157407200 230
1157493600 392
1157580000 425
1157666400 415
1157752800 320
1157839200 399
1157925600 320
1158012000 317
1158098400 286
1158184800 326
1158271200 437
1158357600 386
1158444000 358
1158530400 296
1158616800 298
1158703200 303
1158789600 369
1158876000 365
1158962400 415
1159048800 440
1159135200 386
1159221600 327
1159308000 421
1159394400 391
1159480800 464
1159567200 354
1159653600 414
1159740000 308
1159826400 295
1159912800 340
1159999200 292
1160085600 331
1160172000 363
1160258400 463
1160344800 351
1160431200 295
1160517600 372
1160604000 348
1160690400 389
1160776800 407
1160863200 458
1160949600 292
1161036000 294
1161122400 279
1161208800 301
1161295200 386
1161381600 336
1161468000 362
1161554400 321
1161640800 212
1161727200 354
1161813600 391
1161900000 398
1161986400 327
1162072800 318
1162162800 322
1162249200 220
1162335600 363
1162422000 327
1162508400 338
1162594800 284
1162681200 262
1162767600 304
1162854000 253
1162940400 335
1163026800 299
1163113200 365
1163199600 338
1163286000 437
1163372400 335
1163458800 235
1163545200 366
1163631600 391
1163718000 315
1163804400 332
1163890800 430
1163977200 388
1164063600 256
1164150000 328
1164236400 287
1164322800 210
1164409200 348
1164495600 402
1164582000 292
1164668400 257
1164754800 338
1164841200 301
1164927600 329
1165014000 286
1165100400 346
1165186800 347
1165273200 231
1165359600 292
1165446000 316
1165532400 309
1165618800 343
1165705200 372
1165791600 364
1165878000 250
1165964400 310
1166050800 277
1166137200 327
1166223600 237
1166310000 315
1166396400 251
1166482800 232
1166569200 261
1166655600 262
1166742000 257
1166828400 222
1166914800 224
1167001200 136
1167087600 53
1167174000 220
1167260400 255
1167346800 264
1167433200 270
1167519600 236
