1293922800 25
1294009200 7
1294095600 7
1294182000 35
1294268400 39
1294354800 39
1294441200 30
1294527600 34
1294614000 21
1294700400 15
1294786800 28
1294873200 14
1294959600 44
1295046000 32
1295132400 57
1295218800 14
1295305200 29
1295391600 25
1295478000 39
1295564400 29
1295650800 52
1295737200 41
1295823600 24
1295910000 11
1295996400 37
1296082800 27
1296169200 16
1296255600 34
1296342000 29
1296428400 13
1296514800 11
1296601200 40
1296687600 37
1296774000 30
1296860400 46
1296946800 29
1297033200 18
1297119600 26
1297206000 21
1297292400 43
1297378800 46
1297465200 56
1297551600 48
1297638000 23
1297724400 12
1297810800 33
1297897200 42
1297983600 24
1298070000 40
1298156400 27
1298242800 13
1298329200 20
1298415600 53
1298502000 29
1298588400 24
1298674800 36
1298761200 26
1298847600 15
1298934000 18
1299020400 37
1299106800 35
1299193200 38
1299279600 61
1299366000 39
1299452400 26
1299538800 22
1299625200 46
1299711600 43
1299798000 23
1299884400 26
1299970800 38
1300057200 15
1300143600 28
1300230000 38
1300316400 31
1300402800 24
1300489200 21
1300575600 27
1300662000 24
1300748400 23
1300834800 42
1300921200 19
1301007600 12
1301094000 33
1301180400 18
1301263200 20
1301349600 17
1301436000 20
1301522400 23
1301608800 21
1301695200 36
1301781600 37
1301868000 18
1301954400 16
1302040800 36
1302127200 30
1302213600 20
1302300000 25
1302386400 31
1302472800 15
1302559200 11
1302645600 28
1302732000 43
1302818400 30
1302904800 36
1302991200 39
1303077600 13
1303164000 15
1303250400 23
1303336800 27
1303423200 27
1303509600 19
1303596000 24
1303682400 7
1303768800 18
1303855200 20
1303941600 26
1304028000 21
1304114400 23
1304200800 11
1304287200 14
1304373600 22
1304460000 33
1304546400 32
1304632800 32
1304719200 21
1304805600 21
1304892000 7
1304978400 11
1305064800 18
1305151200 25
1305237600 35
1305324000 36
1305410400 31
1305496800 10
1305583200 18
1305669600 24
1305756000 28
1305842400 29
1305928800 27
1306015200 40
1306101600 22
1306188000 22
1306274400 18
1306360800 22
1306447200 16
1306533600 9
1306620000 16
1306706400 13
1306792800 10
1306879200 10
1306965600 34
1307052000 20
1307138400 21
1307224800 17
1307311200 18
1307397600 12
1307484000 24
1307570400 19
1307656800 22
1307743200 23
1307829600 21
1307916000 11
1308002400 24
1308088800 17
1308175200 27
1308261600 28
1308348000 13
1308434400 21
1308520800 8
1308607200 13
1308693600 19
1308780000 25
1308866400 21
1308952800 21
1309039200 21
1309125600 18
1309212000 15
1309298400 15
1309384800 17
1309471200 14
1309557600 17
1309644000 23
1309730400 12
1309816800 5
1309903200 30
1309989600 19
1310076000 14
1310162400 16
1310248800 20
1310335200 13
1310421600 6
1310508000 21
1310594400 35
1310680800 19
1310767200 18
1310853600 15
1310940000 7
1311026400 10
1311112800 15
1311199200 17
1311285600 19
1311372000 11
1311458400 15
1311544800 12
1311631200 8
1311717600 21
1311804000 27
1311890400 12
1311976800 8
1312063200 9
1312149600 12
1312236000 11
1312322400 24
1312408800 18
1312495200 29
1312581600 25
1312668000 18
1312754400 12
1312840800 7
1312927200 11
1313013600 23
1313100000 21
1313186400 23
1313272800 16
1313359200 11
1313445600 9
1313532000 26
1313618400 26
1313704800 21
1313791200 32
1313877600 18
1313964000 10
1314050400 8
1314136800 5
1314223200 25
1314309600 16
1314396000 25
1314482400 20
1314568800 14
1314655200 6
1314741600 27
1314828000 10
1314914400 11
1315000800 16
1315087200 30
1315173600 12
1315260000 8
1315346400 17
1315432800 12
1315519200 18
1315605600 22
1315692000 18
1315778400 8
1315864800 10
1315951200 30
1316037600 32
1316124000 18
1316210400 26
1316296800 9
1316383200 8
1316469600 7
1316556000 21
1316642400 16
1316728800 16
1316815200 22
1316901600 21
1316988000 8
1317074400 13
1317160800 22
1317247200 25
1317333600 14
1317420000 12
1317506400 19
1317592800 12
1317679200 10
1317765600 20
1317852000 20
1317938400 17
1318024800 29
1318111200 40
1318197600 10
1318284000 17
1318370400 28
1318456800 18
1318543200 27
1318629600 8
1318716000 14
1318802400 8
1318888800 24
1318975200 17
1319061600 24
1319148000 21
1319234400 23
1319320800 27
1319407200 12
1319493600 22
1319580000 25
1319666400 24
1319752800 11
1319839200 13
1319925600 15
1320015600 11
1320102000 8
1320188400 24
1320274800 26
1320361200 28
1320447600 25
1320534000 36
1320620400 23
1320706800 18
1320793200 31
1320879600 41
1320966000 24
1321052400 29
1321138800 34
1321225200 12
1321311600 10
1321398000 23
1321484400 26
1321570800 12
1321657200 35
1321743600 18
1321830000 20
1321916400 25
1322002800 27
1322089200 18
1322175600 3
1322262000 14
1322348400 31
1322434800 30
1322521200 17
1322607600 20
1322694000 15
1322780400 38
1322866800 32
1322953200 19
1323039600 14
1323126000 16
1323212400 29
1323298800 42
1323385200 33
1323471600 37
1323558000 19
1323644400 7
1323730800 30
1323817200 29
1323903600 18
1323990000 27
1324076400 23
1324162800 24
1324249200 21
1324335600 9
1324422000 29
1324508400 23
1324594800 22
1324681200 21
1324767600 4
1324854000 3
1324940400 24
1325026800 23
1325113200 27
1325199600 27
1325286000 10
