1293922800 208
1294009200 154
1294095600 107
1294182000 337
1294268400 504
1294354800 538
1294441200 568
1294527600 410
1294614000 251
1294700400 354
1294786800 325
1294873200 294
1294959600 503
1295046000 596
1295132400 491
1295218800 306
1295305200 479
1295391600 417
1295478000 628
1295564400 524
1295650800 532
1295737200 460
1295823600 367
1295910000 300
1295996400 502
1296082800 445
1296169200 419
1296255600 492
1296342000 448
1296428400 329
1296514800 314
1296601200 333
1296687600 346
1296774000 557
1296860400 591
1296946800 486
1297033200 358
1297119600 394
1297206000 470
1297292400 596
1297378800 525
1297465200 829
1297551600 563
1297638000 357
1297724400 332
1297810800 471
1297897200 484
1297983600 507
1298070000 597
1298156400 427
1298242800 374
1298329200 367
1298415600 463
1298502000 523
1298588400 532
1298674800 603
1298761200 541
1298847600 428
1298934000 418
1299020400 424
1299106800 516
1299193200 432
1299279600 517
1299366000 476
1299452400 273
1299538800 346
1299625200 497
1299711600 451
1299798000 338
1299884400 434
1299970800 517
1300057200 372
1300143600 418
1300230000 399
1300316400 431
1300402800 353
1300489200 508
1300575600 407
1300662000 319
1300748400 421
1300834800 497
1300921200 270
1301007600 374
1301094000 500
1301180400 402
1301263200 369
1301349600 352
1301436000 399
1301522400 330
1301608800 283
1301695200 391
1301781600 425
1301868000 238
1301954400 364
1302040800 374
1302127200 401
1302213600 530
1302300000 491
1302386400 454
1302472800 248
1302559200 323
1302645600 347
1302732000 451
1302818400 444
1302904800 620
1302991200 279
1303077600 235
1303164000 319
1303250400 348
1303336800 493
1303423200 451
1303509600 476
1303596000 322
1303682400 227
1303768800 340
1303855200 439
1303941600 355
1304028000 395
1304114400 503
1304200800 343
1304287200 179
1304373600 273
1304460000 347
1304546400 338
1304632800 417
1304719200 533
1304805600 331
1304892000 161
1304978400 362
1305064800 321
1305151200 410
1305237600 444
1305324000 440
1305410400 303
1305496800 244
1305583200 311
1305669600 431
1305756000 272
1305842400 440
1305928800 490
1306015200 330
1306101600 249
1306188000 360
1306274400 344
1306360800 298
1306447200 369
1306533600 463
1306620000 369
1306706400 299
1306792800 229
1306879200 306
1306965600 315
1307052000 374
1307138400 482
1307224800 351
1307311200 232
1307397600 315
1307484000 393
1307570400 341
1307656800 362
1307743200 475
1307829600 387
1307916000 289
1308002400 357
1308088800 396
1308175200 306
1308261600 391
1308348000 368
1308434400 335
1308520800 238
1308607200 308
1308693600 315
1308780000 368
1308866400 416
1308952800 463
1309039200 416
1309125600 302
1309212000 359
1309298400 481
1309384800 496
1309471200 504
1309557600 301
1309644000 483
1309730400 438
1309816800 284
1309903200 343
1309989600 317
1310076000 311
1310162400 328
1310248800 448
1310335200 371
1310421600 300
1310508000 287
1310594400 330
1310680800 298
1310767200 309
1310853600 380
1310940000 230
1311026400 202
1311112800 260
1311199200 256
1311285600 265
1311372000 269
1311458400 382
1311544800 299
1311631200 276
1311717600 280
1311804000 320
1311890400 356
1311976800 291
1312063200 288
1312149600 278
1312236000 153
1312322400 249
1312408800 256
1312495200 327
1312581600 337
1312668000 323
1312754400 230
1312840800 135
1312927200 201
1313013600 273
1313100000 312
1313186400 301
1313272800 341
1313359200 202
1313445600 201
1313532000 328
1313618400 332
1313704800 350
1313791200 344
1313877600 358
1313964000 215
1314050400 318
1314136800 351
1314223200 392
1314309600 313
1314396000 382
1314482400 155
1314568800 104
1314655200 174
1314741600 372
1314828000 373
1314914400 380
1315000800 447
1315087200 395
1315173600 299
1315260000 184
1315346400 206
1315432800 199
1315519200 379
1315605600 411
1315692000 326
1315778400 248
1315864800 196
1315951200 351
1316037600 342
1316124000 377
1316210400 461
1316296800 408
1316383200 228
1316469600 230
1316556000 291
1316642400 357
1316728800 379
1316815200 417
1316901600 543
1316988000 347
1317074400 277
1317160800 378
1317247200 417
1317333600 368
1317420000 334
1317506400 369
1317592800 343
1317679200 266
1317765600 430
1317852000 437
1317938400 421
1318024800 561
1318111200 511
1318197600 376
1318284000 255
1318370400 393
1318456800 389
1318543200 399
1318629600 316
1318716000 212
1318802400 333
1318888800 383
1318975200 470
1319061600 363
1319148000 400
1319234400 616
1319320800 448
1319407200 285
1319493600 382
1319580000 393
1319666400 434
1319752800 287
1319839200 319
1319925600 247
1320015600 293
1320102000 445
1320188400 453
1320274800 451
1320361200 484
1320447600 551
1320534000 542
1320620400 438
1320706800 407
1320793200 486
1320879600 494
1320966000 570
1321052400 590
1321138800 487
1321225200 328
1321311600 334
1321398000 335
1321484400 299
1321570800 261
1321657200 517
1321743600 419
1321830000 337
1321916400 369
1322002800 378
1322089200 333
1322175600 165
1322262000 415
1322348400 486
1322434800 354
1322521200 374
1322607600 349
1322694000 393
1322780400 392
1322866800 473
1322953200 399
1323039600 244
1323126000 305
1323212400 413
1323298800 339
1323385200 420
1323471600 421
1323558000 416
1323644400 230
1323730800 262
1323817200 342
1323903600 369
1323990000 406
1324076400 419
1324162800 402
1324249200 280
1324335600 250
1324422000 529
1324508400 348
1324594800 436
1324681200 323
1324767600 151
1324854000 95
1324940400 273
1325026800 374
1325113200 367
1325199600 364
1325286000 333
