1357081200 16
1357167600 28
1357254000 20
1357340400 24
1357426800 23
1357513200 30
1357599600 13
1357686000 35
1357772400 33
1357858800 29
1357945200 31
1358031600 26
1358118000 15
1358204400 14
1358290800 24
1358377200 19
1358463600 36
1358550000 28
1358636400 26
1358722800 11
1358809200 13
1358895600 13
1358982000 16
1359068400 22
1359154800 27
1359241200 29
1359327600 20
1359414000 14
1359500400 24
1359586800 27
1359673200 28
1359759600 22
1359846000 22
1359932400 11
1360018800 7
1360105200 26
1360191600 21
1360278000 22
1360364400 17
1360450800 17
1360537200 15
1360623600 15
1360710000 26
1360796400 25
1360882800 25
1360969200 36
1361055600 28
1361142000 20
1361228400 10
1361314800 10
1361401200 27
1361487600 43
1361574000 26
1361660400 29
1361746800 23
1361833200 11
1361919600 22
1362006000 23
1362092400 17
1362178800 26
1362265200 28
1362351600 8
1362438000 17
1362524400 10
1362610800 18
1362697200 26
1362783600 25
1362870000 44
1362956400 14
1363042800 17
1363129200 11
1363215600 21
1363302000 26
1363388400 21
1363474800 27
1363561200 7
1363647600 11
1363734000 14
1363820400 21
1363906800 22
1363993200 17
1364079600 24
1364166000 15
1364252400 11
1364338800 10
1364425200 13
1364511600 30
1364598000 11
1364684400 21
1364767200 7
1364853600 7
1364940000 21
1365026400 24
1365112800 22
1365199200 15
1365285600 23
1365372000 11
1365458400 12
1365544800 20
1365631200 19
1365717600 23
1365804000 21
1365890400 25
1365976800 10
1366063200 4
1366149600 11
1366236000 23
1366322400 11
1366408800 16
1366495200 17
1366581600 12
1366668000 6
1366754400 21
1366840800 17
1366927200 17
1367013600 19
1367100000 25
1367186400 11
1367272800 11
1367359200 3
1367445600 16
1367532000 22
1367618400 27
1367704800 15
1367791200 15
1367877600 8
1367964000 18
1368050400 19
1368136800 20
1368223200 32
1368309600 25
1368396000 10
1368482400 13
1368568800 15
1368655200 19
1368741600 21
1368828000 22
1368914400 11
1369000800 12
1369087200 5
1369173600 19
1369260000 32
1369346400 19
1369432800 27
1369519200 11
1369605600 6
1369692000 5
1369778400 7
1369864800 13
1369951200 14
1370037600 15
1370124000 17
1370210400 6
1370296800 14
1370383200 24
1370469600 15
1370556000 19
1370642400 16
1370728800 10
1370815200 16
1370901600 13
1370988000 13
1371074400 20
1371160800 21
1371247200 24
1371333600 13
1371420000 14
1371506400 6
1371592800 15
1371679200 14
1371765600 10
1371852000 12
1371938400 11
1372024800 7
1372111200 14
1372197600 14
1372284000 18
1372370400 14
1372456800 14
1372543200 12
1372629600 7
1372716000 3
1372802400 11
1372888800 11
1372975200 8
1373061600 11
1373148000 14
1373234400 9
1373320800 6
1373407200 12
1373493600 10
1373580000 10
1373666400 9
1373752800 10
1373839200 5
1373925600 10
1374012000 9
1374098400 11
1374184800 14
1374271200 12
1374357600 13
1374444000 7
1374530400 5
1374616800 10
1374703200 15
1374789600 13
1374876000 19
1374962400 15
1375048800 8
1375135200 6
1375221600 10
1375308000 10
1375394400 14
1375480800 15
1375567200 11
1375653600 5
1375740000 5
1375826400 14
1375912800 19
1375999200 11
1376085600 11
1376172000 7
1376258400 7
1376344800 6
1376431200 8
1376517600 5
1376604000 5
1376690400 10
1376776800 15
1376863200 7
1376949600 3
1377036000 11
1377122400 5
1377208800 13
1377295200 9
1377381600 13
1377468000 3
1377640800 11
1377727200 7
1377813600 10
1377900000 11
1377986400 3
1378072800 1
1378245600 2
1378332000 7
1378418400 11
1378504800 10
1378591200 9
1378677600 4
1378764000 2
1378850400 13
1378936800 11
1379023200 6
1379109600 3
1379196000 4
1379282400 3
1379368800 6
1379455200 7
1379541600 21
1379628000 14
1379714400 3
1379800800 5
1379887200 3
1379973600 2
1380060000 7
1380146400 9
1380232800 13
1380319200 16
1380405600 8
1380492000 2
1380578400 1
1380664800 3
1380751200 7
1380837600 5
1380924000 5
1381010400 9
1381096800 3
1381183200 2
1381269600 8
1381356000 10
1381442400 12
1381528800 13
1381615200 6
1381701600 10
1381788000 3
1381874400 5
1381960800 7
1382047200 2
1382133600 9
1382220000 8
1382306400 2
1382392800 2
1382479200 3
1382565600 7
1382652000 4
1382738400 6
1382824800 4
1382914800 5
1383001200 3
1383087600 9
1383174000 8
1383260400 1
1383346800 2
1383433200 9
1383606000 4
1383692400 2
1383778800 11
1383865200 5
1383951600 7
1384038000 8
1384124400 7
1384210800 4
1384297200 10
1384383600 5
1384470000 3
1384556400 8
1384642800 8
1384729200 3
1384815600 3
1384902000 11
1384988400 8
1385074800 9
1385161200 11
1385334000 4
1385420400 10
1385506800 4
1385593200 4
1385679600 1
1385766000 4
1385852400 4
1385938800 5
1386025200 1
1386111600 7
1386198000 8
1386284400 7
1386370800 10
1386457200 4
1386543600 5
1386630000 3
1386716400 6
1386802800 7
1386889200 6
1386975600 9
1387062000 3
1387148400 7
1387321200 1
1387407600 4
1387494000 8
1387580400 5
1387666800 4
1387753200 4
1387839600 1
1387926000 5
1388012400 1
1388098800 1
1388185200 10
1388271600 8
1388358000 5
1388444400 1
