1357081200 172
1357167600 207
1357254000 211
1357340400 281
1357426800 285
1357513200 223
1357599600 134
1357686000 328
1357772400 349
1357858800 262
1357945200 321
1358031600 280
1358118000 171
1358204400 184
1358290800 274
1358377200 272
1358463600 312
1358550000 299
1358636400 326
1358722800 200
1358809200 201
1358895600 220
1358982000 197
1359068400 265
1359154800 255
1359241200 328
1359327600 319
1359414000 213
1359500400 256
1359586800 359
1359673200 380
1359759600 356
1359846000 358
1359932400 213
1360018800 160
1360105200 279
1360191600 312
1360278000 331
1360364400 282
1360450800 265
1360537200 244
1360623600 276
1360710000 338
1360796400 318
1360882800 229
1360969200 314
1361055600 319
1361142000 235
1361228400 227
1361314800 260
1361401200 281
1361487600 318
1361574000 311
1361660400 311
1361746800 249
1361833200 246
1361919600 202
1362006000 278
1362092400 345
1362178800 302
1362265200 308
1362351600 225
1362438000 174
1362524400 255
1362610800 297
1362697200 247
1362783600 266
1362870000 369
1362956400 218
1363042800 187
1363129200 186
1363215600 205
1363302000 190
1363388400 223
1363474800 229
1363561200 184
1363647600 114
1363734000 146
1363820400 191
1363906800 168
1363993200 216
1364079600 205
1364166000 142
1364252400 121
1364338800 186
1364425200 144
1364511600 149
1364598000 140
1364684400 148
1364767200 88
1364853600 102
1364940000 132
1365026400 150
1365112800 172
1365199200 155
1365285600 198
1365372000 73
1365458400 109
1365544800 119
1365631200 134
1365717600 184
1365804000 173
1365890400 149
1365976800 84
1366063200 88
1366149600 124
1366236000 158
1366322400 165
1366408800 134
1366495200 161
1366581600 97
1366668000 143
1366754400 146
1366840800 181
1366927200 139
1367013600 167
1367100000 142
1367186400 90
1367272800 116
1367359200 160
1367445600 125
1367532000 142
1367618400 176
1367704800 137
1367791200 99
1367877600 79
1367964000 135
1368050400 169
1368136800 168
1368223200 234
1368309600 150
1368396000 77
1368482400 117
1368568800 107
1368655200 135
1368741600 147
1368828000 173
1368914400 157
1369000800 102
1369087200 70
1369173600 118
1369260000 193
1369346400 152
1369432800 206
1369519200 131
1369605600 125
1369692000 73
1369778400 101
1369864800 155
1369951200 135
1370037600 154
1370124000 129
1370210400 99
1370296800 102
1370383200 147
1370469600 122
1370556000 128
1370642400 88
1370728800 118
1370815200 117
1370901600 97
1370988000 88
1371074400 160
1371160800 114
1371247200 106
1371333600 111
1371420000 65
1371506400 67
1371592800 87
1371679200 111
1371765600 91
1371852000 120
1371938400 107
1372024800 63
1372111200 64
1372197600 104
1372284000 138
1372370400 119
1372456800 77
1372543200 80
1372629600 81
1372716000 34
1372802400 68
1372888800 91
1372975200 77
1373061600 88
1373148000 99
1373234400 72
1373320800 43
1373407200 84
1373493600 83
1373580000 97
1373666400 74
1373752800 74
1373839200 56
1373925600 42
1374012000 59
1374098400 84
1374184800 75
1374271200 78
1374357600 91
1374444000 51
1374530400 46
1374616800 82
1374703200 93
1374789600 125
1374876000 89
1374962400 74
1375048800 63
1375135200 46
1375221600 83
1375308000 110
1375394400 89
1375480800 65
1375567200 63
1375653600 39
1375740000 57
1375826400 61
1375912800 83
1375999200 62
1376085600 58
1376172000 47
1376258400 54
1376344800 38
1376431200 39
1376517600 35
1376604000 25
1376690400 37
1376776800 33
1376863200 26
1376949600 20
1377036000 36
1377122400 30
1377208800 36
1377295200 27
1377381600 28
1377468000 7
1377554400 16
1377640800 18
1377727200 17
1377813600 22
1377900000 34
1377986400 12
1378072800 11
1378159200 9
1378245600 19
1378332000 16
1378418400 36
1378504800 41
1378591200 24
1378677600 28
1378764000 27
1378850400 29
1378936800 26
1379023200 27
1379109600 21
1379196000 26
1379282400 10
1379368800 11
1379455200 23
1379541600 36
1379628000 28
1379714400 26
1379800800 17
1379887200 15
1379973600 17
1380060000 16
1380146400 30
1380232800 26
1380319200 26
1380405600 17
1380492000 5
1380578400 16
1380664800 16
1380751200 19
1380837600 24
1380924000 20
1381010400 36
1381096800 23
1381183200 21
1381269600 17
1381356000 31
1381442400 31
1381528800 32
1381615200 28
1381701600 28
1381788000 9
1381874400 24
1381960800 17
1382047200 14
1382133600 37
1382220000 19
1382306400 16
1382392800 17
1382479200 16
1382565600 27
1382652000 18
1382738400 20
1382824800 31
1382914800 16
1383001200 11
1383087600 22
1383174000 28
1383260400 27
1383346800 19
1383433200 25
1383519600 8
1383606000 8
1383692400 26
1383778800 33
1383865200 17
1383951600 26
1384038000 28
1384124400 29
1384210800 17
1384297200 51
1384383600 17
1384470000 21
1384556400 24
1384642800 45
1384729200 15
1384815600 19
1384902000 26
1384988400 28
1385074800 26
1385161200 44
1385247600 13
1385334000 15
1385420400 23
1385506800 31
1385593200 24
1385679600 9
1385766000 17
1385852400 23
1385938800 27
1386025200 12
1386111600 28
1386198000 26
1386284400 25
1386370800 29
1386457200 21
1386543600 8
1386630000 11
1386716400 20
1386802800 23
1386889200 14
1386975600 34
1387062000 17
1387148400 18
1387234800 13
1387321200 10
1387407600 22
1387494000 30
1387580400 18
1387666800 28
1387753200 19
1387839600 11
1387926000 14
1388012400 5
1388098800 12
1388185200 23
1388271600 28
1388358000 13
1388444400 7
