1199228400 11
1199314800 21
1199401200 15
1199487600 32
1199574000 32
1199660400 22
1199746800 17
1199833200 46
1199919600 27
1200006000 34
1200092400 22
1200178800 33
1200265200 26
1200351600 6
1200438000 28
1200524400 20
1200610800 38
1200697200 33
1200783600 25
1200870000 19
1200956400 20
1201042800 22
1201129200 26
1201215600 27
1201302000 23
1201388400 20
1201474800 14
1201561200 13
1201647600 23
1201734000 28
1201820400 27
1201906800 21
1201993200 27
1202079600 16
1202166000 13
1202252400 29
1202338800 44
1202425200 24
1202511600 38
1202598000 28
1202684400 16
1202770800 17
1202857200 29
1202943600 27
1203030000 28
1203116400 22
1203202800 18
1203289200 15
1203375600 15
1203462000 30
1203548400 25
1203634800 28
1203721200 18
1203807600 31
1203894000 25
1203980400 15
1204066800 25
1204153200 24
1204239600 18
1204326000 22
1204412400 27
1204498800 22
1204585200 26
1204671600 21
1204758000 32
1204844400 36
1204930800 37
1205017200 20
1205103600 20
1205190000 18
1205276400 32
1205362800 28
1205449200 30
1205535600 49
1205622000 20
1205708400 17
1205794800 15
1205881200 28
1205967600 34
1206054000 19
1206140400 31
1206226800 22
1206313200 19
1206399600 13
1206486000 30
1206572400 24
1206658800 34
1206745200 22
1206831600 16
1206914400 13
1207000800 14
1207087200 24
1207173600 36
1207260000 22
1207346400 36
1207432800 34
1207519200 14
1207605600 14
1207692000 21
1207778400 27
1207864800 31
1207951200 27
1208037600 26
1208124000 16
1208210400 7
1208296800 19
1208383200 17
1208469600 27
1208556000 34
1208642400 29
1208728800 21
1208815200 6
1208901600 33
1208988000 29
1209074400 32
1209160800 24
1209247200 18
1209333600 18
1209420000 9
1209506400 22
1209592800 21
1209679200 23
1209765600 33
1209852000 23
1209938400 19
1210024800 11
1210111200 34
1210197600 22
1210284000 37
1210370400 14
1210456800 34
1210543200 17
1210629600 13
1210716000 26
1210802400 25
1210888800 26
1210975200 16
1211061600 23
1211148000 22
1211234400 31
1211320800 26
1211407200 25
1211493600 33
1211580000 24
1211666400 21
1211752800 16
1211839200 10
1211925600 40
1212012000 29
1212098400 16
1212184800 39
1212271200 21
1212357600 19
1212444000 13
1212530400 19
1212616800 21
1212703200 30
1212789600 29
1212876000 19
1212962400 15
1213048800 9
1213135200 21
1213221600 17
1213308000 20
1213394400 52
1213480800 18
1213567200 7
1213653600 21
1213740000 26
1213826400 29
1213912800 31
1213999200 25
1214085600 34
1214172000 19
1214258400 10
1214344800 26
1214431200 17
1214517600 26
1214604000 23
1214690400 16
1214776800 17
1214863200 13
1214949600 21
1215036000 31
1215122400 14
1215208800 31
1215295200 23
1215381600 23
1215468000 13
1215554400 6
1215640800 21
1215727200 24
1215813600 24
1215900000 25
1215986400 13
1216072800 8
1216159200 35
1216245600 31
1216332000 35
1216418400 24
1216504800 21
1216591200 15
1216677600 9
1216764000 21
1216850400 32
1216936800 43
1217023200 30
1217109600 17
1217196000 16
1217282400 9
1217368800 19
1217455200 41
1217541600 23
1217628000 22
1217714400 15
1217800800 15
1217887200 10
1217973600 30
1218060000 31
1218146400 37
1218232800 37
1218319200 25
1218405600 15
1218492000 9
1218578400 34
1218664800 30
1218751200 27
1218837600 29
1218924000 33
1219010400 18
1219096800 7
1219183200 34
1219269600 23
1219356000 32
1219442400 33
1219528800 28
1219615200 10
1219701600 11
1219788000 12
1219874400 28
1219960800 36
1220047200 18
1220133600 19
1220220000 13
1220306400 12
1220392800 17
1220479200 18
1220565600 29
1220652000 33
1220738400 19
1220824800 20
1220911200 16
1220997600 18
1221084000 34
1221170400 39
1221256800 44
1221343200 31
1221429600 25
1221516000 22
1221602400 27
1221688800 27
1221775200 34
1221861600 30
1221948000 18
1222034400 13
1222120800 14
1222207200 25
1222293600 33
1222380000 27
1222466400 26
1222552800 33
1222639200 24
1222725600 17
1222812000 37
1222898400 25
1222984800 34
1223071200 31
1223157600 34
1223244000 30
1223330400 7
1223416800 26
1223503200 34
1223589600 37
1223676000 46
1223762400 23
1223848800 11
1223935200 19
1224021600 37
1224108000 35
1224194400 24
1224280800 33
1224367200 34
1224453600 16
1224540000 20
1224626400 19
1224712800 30
1224799200 24
1224885600 47
1224972000 27
1225062000 22
1225148400 12
1225234800 16
1225321200 21
1225407600 21
1225494000 30
1225580400 46
1225666800 20
1225753200 16
1225839600 25
1225926000 25
1226012400 30
1226098800 43
1226185200 26
1226271600 18
1226358000 8
1226444400 30
1226530800 28
1226617200 30
1226703600 28
1226790000 31
1226876400 18
1226962800 16
1227049200 11
1227135600 23
1227222000 27
1227308400 20
1227394800 27
1227481200 14
1227567600 15
1227654000 14
1227740400 28
1227826800 5
1227913200 13
1227999600 32
1228086000 27
1228172400 16
1228258800 19
1228345200 13
1228431600 36
1228518000 26
1228604400 20
1228690800 17
1228777200 13
1228863600 21
1228950000 20
1229036400 15
1229122800 19
1229209200 31
1229295600 11
1229382000 9
1229468400 18
1229554800 24
1229641200 19
1229727600 9
1229814000 16
1229900400 16
1229986800 13
1230073200 15
1230159600 6
1230246000 5
1230332400 13
1230418800 23
1230505200 23
1230591600 19
1230678000 16
