1199228400 248
1199314800 386
1199401200 349
1199487600 470
1199574000 565
1199660400 391
1199746800 358
1199833200 752
1199919600 719
1200006000 631
1200092400 658
1200178800 725
1200265200 468
1200351600 315
1200438000 650
1200524400 728
1200610800 743
1200697200 796
1200783600 795
1200870000 451
1200956400 314
1201042800 550
1201129200 607
1201215600 598
1201302000 589
1201388400 652
1201474800 599
1201561200 459
1201647600 549
1201734000 668
1201820400 696
1201906800 591
1201993200 801
1202079600 487
1202166000 382
1202252400 440
1202338800 738
1202425200 714
1202511600 841
1202598000 883
1202684400 574
1202770800 390
1202857200 443
1202943600 449
1203030000 676
1203116400 708
1203202800 714
1203289200 549
1203375600 561
1203462000 537
1203548400 584
1203634800 599
1203721200 503
1203807600 637
1203894000 503
1203980400 407
1204066800 643
1204153200 615
1204239600 571
1204326000 611
1204412400 540
1204498800 471
1204585200 426
1204671600 682
1204758000 698
1204844400 738
1204930800 643
1205017200 659
1205103600 429
1205190000 447
1205276400 653
1205362800 701
1205449200 695
1205535600 793
1205622000 664
1205708400 405
1205794800 352
1205881200 514
1205967600 530
1206054000 603
1206140400 656
1206226800 608
1206313200 474
1206399600 392
1206486000 554
1206572400 587
1206658800 570
1206745200 672
1206831600 658
1206914400 426
1207000800 333
1207087200 552
1207173600 632
1207260000 568
1207346400 589
1207432800 535
1207519200 433
1207605600 417
1207692000 596
1207778400 616
1207864800 618
1207951200 644
1208037600 660
1208124000 449
1208210400 389
1208296800 537
1208383200 638
1208469600 652
1208556000 762
1208642400 602
1208728800 527
1208815200 409
1208901600 597
1208988000 630
1209074400 548
1209160800 483
1209247200 473
1209333600 326
1209420000 313
1209506400 512
1209592800 495
1209679200 539
1209765600 676
1209852000 583
1209938400 489
1210024800 389
1210111200 563
1210197600 569
1210284000 572
1210370400 501
1210456800 634
1210543200 496
1210629600 423
1210716000 567
1210802400 585
1210888800 500
1210975200 556
1211061600 568
1211148000 400
1211234400 371
1211320800 362
1211407200 491
1211493600 432
1211580000 581
1211666400 502
1211752800 395
1211839200 236
1211925600 457
1212012000 492
1212098400 502
1212184800 605
1212271200 563
1212357600 387
1212444000 357
1212530400 449
1212616800 423
1212703200 490
1212789600 599
1212876000 469
1212962400 340
1213048800 167
1213135200 397
1213221600 459
1213308000 419
1213394400 513
1213480800 413
1213567200 308
1213653600 242
1213740000 401
1213826400 472
1213912800 441
1213999200 426
1214085600 418
1214172000 285
1214258400 210
1214344800 408
1214431200 396
1214517600 406
1214604000 338
1214690400 361
1214776800 245
1214863200 206
1214949600 275
1215036000 327
1215122400 329
1215208800 382
1215295200 317
1215381600 273
1215468000 220
1215554400 332
1215640800 341
1215727200 455
1215813600 538
1215900000 403
1215986400 251
1216072800 230
1216159200 402
1216245600 511
1216332000 509
1216418400 439
1216504800 510
1216591200 259
1216677600 231
1216764000 381
1216850400 406
1216936800 503
1217023200 524
1217109600 439
1217196000 338
1217282400 233
1217368800 533
1217455200 554
1217541600 548
1217628000 436
1217714400 471
1217800800 354
1217887200 256
1217973600 479
1218060000 566
1218146400 511
1218232800 611
1218319200 672
1218405600 424
1218492000 348
1218578400 504
1218664800 499
1218751200 531
1218837600 499
1218924000 546
1219010400 395
1219096800 301
1219183200 534
1219269600 536
1219356000 585
1219442400 535
1219528800 461
1219615200 441
1219701600 346
1219788000 443
1219874400 464
1219960800 483
1220047200 472
1220133600 416
1220220000 284
1220306400 219
1220392800 378
1220479200 544
1220565600 597
1220652000 677
1220738400 496
1220824800 477
1220911200 352
1220997600 392
1221084000 612
1221170400 668
1221256800 611
1221343200 700
1221429600 533
1221516000 375
1221602400 552
1221688800 603
1221775200 624
1221861600 600
1221948000 632
1222034400 451
1222120800 304
1222207200 535
1222293600 637
1222380000 579
1222466400 610
1222552800 694
1222639200 480
1222725600 392
1222812000 635
1222898400 514
1222984800 593
1223071200 665
1223157600 684
1223244000 489
1223330400 378
1223416800 513
1223503200 652
1223589600 729
1223676000 698
1223762400 655
1223848800 460
1223935200 460
1224021600 644
1224108000 701
1224194400 690
1224280800 691
1224367200 642
1224453600 477
1224540000 409
1224626400 557
1224712800 609
1224799200 676
1224885600 923
1224972000 624
1225062000 520
1225148400 362
1225234800 368
1225321200 556
1225407600 599
1225494000 768
1225580400 560
1225666800 485
1225753200 434
1225839600 456
1225926000 617
1226012400 703
1226098800 794
1226185200 729
1226271600 570
1226358000 434
1226444400 614
1226530800 669
1226617200 580
1226703600 741
1226790000 733
1226876400 500
1226962800 410
1227049200 615
1227135600 574
1227222000 719
1227308400 691
1227394800 609
1227481200 475
1227567600 352
1227654000 466
1227740400 544
1227826800 180
1227913200 542
1227999600 673
1228086000 498
1228172400 311
1228258800 531
1228345200 535
1228431600 586
1228518000 624
1228604400 609
1228690800 404
1228777200 326
1228863600 563
1228950000 561
1229036400 354
1229122800 659
1229209200 649
1229295600 428
1229382000 366
1229468400 400
1229554800 504
1229641200 465
1229727600 378
1229814000 438
1229900400 286
1229986800 250
1230073200 476
1230159600 210
1230246000 150
1230332400 544
1230418800 610
1230505200 399
1230591600 282
1230678000 477
