1167692400 6
1167778800 14
1167865200 14
1167951600 18
1168038000 12
1168124400 18
1168210800 13
1168297200 7
1168383600 8
1168470000 10
1168556400 10
1168642800 8
1168729200 9
1168815600 11
1168902000 3
1168988400 16
1169074800 7
1169161200 19
1169247600 14
1169334000 20
1169420400 9
1169506800 7
1169593200 20
1169679600 13
1169766000 21
1169852400 9
1169938800 12
1170025200 11
1170111600 9
1170198000 14
1170284400 16
1170370800 13
1170457200 15
1170543600 18
1170630000 5
1170716400 11
1170802800 12
1170889200 20
1170975600 20
1171062000 12
1171148400 20
1171234800 16
1171321200 23
1171407600 18
1171494000 7
1171580400 16
1171666800 17
1171753200 20
1171839600 16
1171926000 8
1172012400 27
1172098800 20
1172185200 10
1172271600 13
1172358000 20
1172444400 9
1172530800 10
1172617200 20
1172703600 16
1172790000 11
1172876400 24
1172962800 18
1173049200 15
1173135600 11
1173222000 22
1173308400 11
1173394800 24
1173481200 24
1173567600 20
1173654000 13
1173740400 21
1173826800 14
1173913200 19
1173999600 9
1174086000 9
1174172400 8
1174258800 11
1174345200 10
1174431600 18
1174518000 24
1174604400 19
1174690800 10
1174777200 13
1174860000 5
1174946400 14
1175032800 16
1175119200 15
1175205600 28
1175292000 9
1175378400 22
1175464800 13
1175551200 11
1175637600 17
1175724000 17
1175810400 23
1175896800 24
1175983200 10
1176069600 9
1176156000 3
1176242400 12
1176328800 25
1176415200 16
1176501600 11
1176588000 16
1176674400 5
1176760800 5
1176847200 27
1176933600 19
1177020000 14
1177106400 11
1177192800 12
1177279200 9
1177365600 7
1177452000 19
1177538400 14
1177624800 17
1177711200 19
1177797600 14
1177884000 6
1177970400 15
1178056800 14
1178143200 11
1178229600 17
1178316000 16
1178402400 9
1178488800 10
1178575200 6
1178661600 12
1178748000 11
1178834400 19
1178920800 13
1179007200 8
1179093600 14
1179180000 11
1179266400 14
1179352800 20
1179439200 20
1179525600 15
1179612000 8
1179698400 11
1179784800 6
1179871200 13
1179957600 7
1180044000 15
1180130400 9
1180216800 14
1180303200 8
1180389600 6
1180476000 19
1180562400 15
1180648800 8
1180735200 7
1180821600 13
1180908000 4
1180994400 12
1181080800 20
1181167200 9
1181253600 12
1181340000 22
1181426400 12
1181512800 7
1181599200 6
1181685600 10
1181772000 13
1181858400 13
1181944800 10
1182031200 9
1182117600 9
1182204000 10
1182290400 6
1182376800 9
1182463200 18
1182549600 12
1182636000 9
1182722400 12
1182808800 5
1182895200 6
1182981600 9
1183068000 18
1183154400 3
1183240800 7
1183327200 10
1183413600 4
1183500000 4
1183586400 13
1183672800 13
1183759200 7
1183845600 13
1183932000 11
1184018400 6
1184104800 13
1184191200 12
1184277600 14
1184364000 8
1184450400 10
1184536800 5
1184623200 5
1184709600 5
1184796000 12
1184882400 5
1184968800 6
1185055200 5
1185141600 4
1185228000 8
1185314400 23
1185400800 9
1185487200 11
1185573600 10
1185660000 9
1185746400 6
1185832800 8
1185919200 5
1186005600 22
1186092000 11
1186178400 7
1186264800 5
1186351200 6
1186437600 7
1186524000 18
1186610400 9
1186696800 20
1186783200 17
1186869600 14
1186956000 6
1187042400 4
1187128800 17
1187215200 20
1187301600 19
1187388000 8
1187474400 15
1187560800 10
1187647200 9
1187733600 24
1187820000 12
1187906400 7
1187992800 14
1188079200 9
1188165600 13
1188252000 10
1188338400 8
1188424800 8
1188511200 10
1188597600 13
1188684000 11
1188770400 4
1188856800 4
1188943200 11
1189029600 10
1189116000 15
1189202400 10
1189288800 15
1189375200 22
1189461600 7
1189548000 8
1189634400 15
1189720800 25
1189807200 14
1189893600 16
1189980000 13
1190066400 10
1190152800 14
1190239200 6
1190325600 4
1190412000 5
1190498400 20
1190584800 9
1190671200 1
1190757600 14
1190844000 9
1190930400 11
1191016800 16
1191103200 11
1191189600 8
1191276000 7
1191362400 19
1191448800 13
1191535200 14
1191621600 15
1191708000 9
1191794400 9
1191880800 5
1191967200 10
1192053600 16
1192140000 12
1192226400 14
1192312800 21
1192399200 13
1192485600 2
1192572000 16
1192658400 16
1192744800 18
1192831200 10
1192917600 10
1193004000 10
1193090400 9
1193176800 17
1193263200 9
1193349600 10
1193436000 10
1193522400 16
1193612400 8
1193698800 5
1193785200 10
1193871600 16
1193958000 20
1194044400 15
1194130800 10
1194217200 5
1194303600 4
1194390000 16
1194476400 18
1194562800 19
1194649200 13
1194735600 20
1194822000 11
1194908400 7
1194994800 12
1195081200 16
1195167600 15
1195254000 11
1195340400 14
1195426800 12
1195513200 13
1195599600 10
1195686000 12
1195772400 2
1195858800 5
1195945200 10
1196031600 13
1196118000 7
1196204400 9
1196290800 12
1196377200 12
1196463600 11
1196550000 9
1196636400 10
1196722800 5
1196809200 21
1196895600 10
1196982000 20
1197068400 8
1197154800 12
1197241200 6
1197327600 12
1197414000 8
1197500400 12
1197586800 6
1197673200 11
1197759600 10
1197846000 4
1197932400 12
1198018800 12
1198105200 8
1198191600 19
1198278000 10
1198364400 10
1198450800 5
1198537200 1
1198623600 10
1198710000 9
1198796400 18
1198882800 10
1198969200 8
1199055600 6
