1167692400 105
1167778800 236
1167865200 301
1167951600 347
1168038000 328
1168124400 285
1168210800 247
1168297200 150
1168383600 222
1168470000 245
1168556400 239
1168642800 325
1168729200 308
1168815600 210
1168902000 183
1168988400 238
1169074800 186
1169161200 241
1169247600 357
1169334000 282
1169420400 187
1169506800 218
1169593200 294
1169679600 254
1169766000 220
1169852400 259
1169938800 306
1170025200 227
1170111600 144
1170198000 270
1170284400 227
1170370800 264
1170457200 248
1170543600 275
1170630000 165
1170716400 122
1170802800 192
1170889200 258
1170975600 234
1171062000 225
1171148400 298
1171234800 201
1171321200 209
1171407600 236
1171494000 135
1171580400 216
1171666800 257
1171753200 319
1171839600 193
1171926000 180
1172012400 263
1172098800 225
1172185200 185
1172271600 205
1172358000 265
1172444400 174
1172530800 112
1172617200 315
1172703600 265
1172790000 218
1172876400 204
1172962800 254
1173049200 215
1173135600 139
1173222000 192
1173308400 209
1173394800 213
1173481200 287
1173567600 249
1173654000 145
1173740400 142
1173826800 243
1173913200 271
1173999600 172
1174086000 118
1174172400 184
1174258800 140
1174345200 118
1174431600 209
1174518000 232
1174604400 217
1174690800 258
1174777200 233
1174860000 183
1174946400 142
1175032800 189
1175119200 219
1175205600 254
1175292000 239
1175378400 278
1175464800 169
1175551200 150
1175637600 183
1175724000 203
1175810400 207
1175896800 277
1175983200 325
1176069600 141
1176156000 121
1176242400 240
1176328800 219
1176415200 247
1176501600 246
1176588000 269
1176674400 101
1176760800 115
1176847200 177
1176933600 268
1177020000 207
1177106400 225
1177192800 226
1177279200 126
1177365600 140
1177452000 190
1177538400 203
1177624800 249
1177711200 254
1177797600 299
1177884000 223
1177970400 154
1178056800 210
1178143200 239
1178229600 287
1178316000 241
1178402400 253
1178488800 166
1178575200 101
1178661600 217
1178748000 214
1178834400 263
1178920800 195
1179007200 273
1179093600 157
1179180000 211
1179266400 214
1179352800 204
1179439200 270
1179525600 311
1179612000 325
1179698400 238
1179784800 143
1179871200 161
1179957600 145
1180044000 177
1180130400 235
1180216800 231
1180303200 115
1180389600 84
1180476000 179
1180562400 225
1180648800 208
1180735200 163
1180821600 159
1180908000 144
1180994400 172
1181080800 216
1181167200 214
1181253600 196
1181340000 180
1181426400 249
1181512800 156
1181599200 139
1181685600 153
1181772000 185
1181858400 170
1181944800 202
1182031200 177
1182117600 125
1182204000 143
1182290400 172
1182376800 161
1182463200 164
1182549600 142
1182636000 150
1182722400 132
1182808800 113
1182895200 140
1182981600 148
1183068000 128
1183154400 131
1183240800 188
1183327200 182
1183413600 96
1183500000 147
1183586400 139
1183672800 213
1183759200 178
1183845600 250
1183932000 149
1184018400 134
1184104800 168
1184191200 159
1184277600 183
1184364000 216
1184450400 181
1184536800 151
1184623200 115
1184709600 160
1184796000 174
1184882400 125
1184968800 157
1185055200 160
1185141600 139
1185228000 106
1185314400 155
1185400800 220
1185487200 140
1185573600 167
1185660000 177
1185746400 231
1185832800 144
1185919200 132
1186005600 190
1186092000 191
1186178400 200
1186264800 249
1186351200 188
1186437600 125
1186524000 187
1186610400 196
1186696800 180
1186783200 179
1186869600 174
1186956000 174
1187042400 128
1187128800 233
1187215200 240
1187301600 176
1187388000 218
1187474400 254
1187560800 168
1187647200 220
1187733600 284
1187820000 223
1187906400 169
1187992800 174
1188079200 202
1188165600 218
1188252000 218
1188338400 193
1188424800 183
1188511200 176
1188597600 187
1188684000 269
1188770400 187
1188856800 188
1188943200 262
1189029600 215
1189116000 216
1189202400 185
1189288800 187
1189375200 198
1189461600 145
1189548000 184
1189634400 202
1189720800 189
1189807200 180
1189893600 276
1189980000 205
1190066400 165
1190152800 195
1190239200 251
1190325600 191
1190412000 139
1190498400 215
1190584800 201
1190671200 115
1190757600 160
1190844000 161
1190930400 155
1191016800 161
1191103200 219
1191189600 156
1191276000 133
1191362400 270
1191448800 269
1191535200 253
1191621600 203
1191708000 274
1191794400 182
1191880800 156
1191967200 267
1192053600 248
1192140000 233
1192226400 192
1192312800 226
1192399200 209
1192485600 164
1192572000 230
1192658400 219
1192744800 188
1192831200 218
1192917600 245
1193004000 170
1193090400 155
1193176800 235
1193263200 212
1193349600 187
1193436000 209
1193522400 223
1193612400 170
1193698800 134
1193785200 183
1193871600 231
1193958000 149
1194044400 174
1194130800 186
1194217200 131
1194303600 112
1194390000 135
1194476400 215
1194562800 242
1194649200 172
1194735600 189
1194822000 170
1194908400 145
1194994800 156
1195081200 182
1195167600 220
1195254000 166
1195340400 229
1195426800 178
1195513200 144
1195599600 160
1195686000 182
1195772400 85
1195858800 153
1195945200 219
1196031600 197
1196118000 132
1196204400 213
1196290800 188
1196377200 218
1196463600 197
1196550000 146
1196636400 82
1196722800 81
1196809200 168
1196895600 130
1196982000 215
1197068400 166
1197154800 233
1197241200 154
1197327600 136
1197414000 159
1197500400 182
1197586800 112
1197673200 158
1197759600 177
1197846000 87
1197932400 172
1198018800 196
1198105200 130
1198191600 121
1198278000 112
1198364400 161
1198450800 117
1198537200 47
1198623600 88
1198710000 97
1198796400 162
1198882800 201
1198969200 152
1199055600 120
