1199228400 181
1199314800 240
1199401200 336
1199487600 378
1199574000 393
1199660400 225
1199746800 212
1199833200 435
1199919600 324
1200006000 358
1200092400 537
1200178800 571
1200265200 254
1200351600 218
1200438000 314
1200524400 322
1200610800 325
1200697200 477
1200783600 477
1200870000 209
1200956400 213
1201042800 275
1201129200 333
1201215600 390
1201302000 378
1201388400 402
1201474800 219
1201561200 246
1201647600 396
1201734000 366
1201820400 397
1201906800 330
1201993200 402
1202079600 166
1202166000 117
1202252400 259
1202338800 410
1202425200 437
1202511600 601
1202598000 444
1202684400 254
1202770800 183
1202857200 163
1202943600 262
1203030000 343
1203116400 548
1203202800 427
1203289200 285
1203375600 196
1203462000 339
1203548400 434
1203634800 393
1203721200 320
1203807600 416
1203894000 300
1203980400 261
1204066800 368
1204153200 412
1204239600 476
1204326000 444
1204412400 264
1204498800 273
1204585200 295
1204671600 342
1204758000 426
1204844400 380
1204930800 466
1205017200 338
1205103600 214
1205190000 267
1205276400 368
1205362800 426
1205449200 372
1205535600 488
1205622000 420
1205708400 248
1205794800 236
1205881200 327
1205967600 373
1206054000 367
1206140400 423
1206226800 371
1206313200 273
1206399600 269
1206486000 402
1206572400 408
1206658800 310
1206745200 467
1206831600 445
1206914400 288
1207000800 234
1207087200 284
1207173600 320
1207260000 337
1207346400 457
1207432800 327
1207519200 348
1207605600 245
1207692000 277
1207778400 451
1207864800 448
1207951200 435
1208037600 350
1208124000 232
1208210400 252
1208296800 373
1208383200 391
1208469600 348
1208556000 358
1208642400 316
1208728800 280
1208815200 282
1208901600 361
1208988000 417
1209074400 319
1209160800 308
1209247200 297
1209333600 191
1209420000 186
1209506400 250
1209592800 462
1209679200 357
1209765600 413
1209852000 350
1209938400 247
1210024800 200
1210111200 334
1210197600 473
1210284000 368
1210370400 278
1210456800 351
1210543200 272
1210629600 169
1210716000 384
1210802400 424
1210888800 380
1210975200 266
1211061600 309
1211148000 219
1211234400 274
1211320800 277
1211407200 429
1211493600 318
1211580000 474
1211666400 406
1211752800 322
1211839200 199
1211925600 296
1212012000 434
1212098400 356
1212184800 442
1212271200 315
1212357600 212
1212444000 196
1212530400 249
1212616800 346
1212703200 398
1212789600 431
1212876000 290
1212962400 198
1213048800 144
1213135200 228
1213221600 362
1213308000 356
1213394400 414
1213480800 261
1213567200 197
1213653600 188
1213740000 271
1213826400 373
1213912800 348
1213999200 370
1214085600 274
1214172000 271
1214258400 146
1214344800 310
1214431200 304
1214517600 394
1214604000 288
1214690400 282
1214776800 171
1214863200 162
1214949600 209
1215036000 244
1215122400 199
1215208800 163
1215295200 279
1215381600 323
1215468000 179
1215554400 258
1215640800 246
1215727200 401
1215813600 397
1215900000 314
1215986400 205
1216072800 153
1216159200 296
1216245600 283
1216332000 269
1216418400 323
1216504800 249
1216591200 222
1216677600 126
1216764000 263
1216850400 308
1216936800 276
1217023200 282
1217109600 259
1217196000 178
1217282400 170
1217368800 260
1217455200 380
1217541600 348
1217628000 246
1217714400 303
1217800800 218
1217887200 145
1217973600 256
1218060000 314
1218146400 312
1218232800 285
1218319200 245
1218405600 179
1218492000 164
1218578400 310
1218664800 308
1218751200 273
1218837600 276
1218924000 302
1219010400 175
1219096800 166
1219183200 268
1219269600 351
1219356000 310
1219442400 354
1219528800 258
1219615200 202
1219701600 145
1219788000 296
1219874400 411
1219960800 334
1220047200 346
1220133600 234
1220220000 140
1220306400 126
1220392800 265
1220479200 371
1220565600 279
1220652000 383
1220738400 233
1220824800 182
1220911200 193
1220997600 225
1221084000 405
1221170400 417
1221256800 325
1221343200 306
1221429600 165
1221516000 193
1221602400 372
1221688800 411
1221775200 481
1221861600 497
1221948000 311
1222034400 206
1222120800 202
1222207200 313
1222293600 344
1222380000 358
1222466400 381
1222552800 386
1222639200 229
1222725600 263
1222812000 442
1222898400 378
1222984800 382
1223071200 415
1223157600 391
1223244000 255
1223330400 203
1223416800 447
1223503200 477
1223589600 431
1223676000 468
1223762400 407
1223848800 299
1223935200 226
1224021600 406
1224108000 386
1224194400 347
1224280800 404
1224367200 386
1224453600 232
1224540000 232
1224626400 395
1224712800 454
1224799200 441
1224885600 508
1224972000 353
1225062000 291
1225148400 281
1225234800 288
1225321200 321
1225407600 448
1225494000 463
1225580400 292
1225666800 232
1225753200 189
1225839600 307
1225926000 376
1226012400 480
1226098800 514
1226185200 410
1226271600 250
1226358000 274
1226444400 481
1226530800 535
1226617200 309
1226703600 570
1226790000 460
1226876400 249
1226962800 279
1227049200 424
1227135600 449
1227222000 540
1227308400 474
1227394800 397
1227481200 267
1227567600 252
1227654000 422
1227740400 448
1227826800 180
1227913200 399
1227999600 483
1228086000 260
1228172400 243
1228258800 439
1228345200 435
1228431600 424
1228518000 463
1228604400 373
1228690800 192
1228777200 188
1228863600 402
1228950000 398
1229036400 286
1229122800 466
1229209200 378
1229295600 209
1229382000 187
1229468400 278
1229554800 388
1229641200 319
1229727600 272
1229814000 282
1229900400 191
1229986800 161
1230073200 221
1230159600 163
1230246000 62
1230332400 365
1230418800 426
1230505200 238
1230591600 175
1230678000 325
