1199228400 20
1199314800 15
1199401200 19
1199487600 29
1199574000 19
1199660400 7
1199746800 7
1199833200 34
1199919600 17
1200006000 28
1200092400 49
1200178800 34
1200265200 17
1200351600 18
1200438000 29
1200524400 27
1200610800 27
1200697200 24
1200783600 21
1200870000 8
1200956400 4
1201042800 20
1201129200 22
1201215600 27
1201302000 12
1201388400 19
1201474800 22
1201561200 16
1201647600 18
1201734000 17
1201820400 23
1201906800 18
1201993200 20
1202079600 8
1202166000 15
1202252400 26
1202338800 33
1202425200 22
1202511600 37
1202598000 14
1202684400 19
1202770800 13
1202857200 12
1202943600 19
1203030000 21
1203116400 21
1203202800 26
1203289200 7
1203375600 18
1203462000 26
1203548400 9
1203634800 16
1203721200 16
1203807600 18
1203894000 13
1203980400 9
1204066800 13
1204153200 19
1204239600 15
1204326000 27
1204412400 25
1204498800 24
1204585200 11
1204671600 29
1204758000 33
1204844400 29
1204930800 22
1205017200 11
1205103600 11
1205190000 14
1205276400 31
1205362800 33
1205449200 25
1205535600 29
1205622000 17
1205708400 15
1205794800 3
1205881200 8
1205967600 22
1206054000 20
1206140400 12
1206226800 34
1206313200 9
1206399600 14
1206486000 29
1206572400 23
1206658800 19
1206745200 19
1206831600 25
1206914400 8
1207000800 10
1207087200 13
1207173600 26
1207260000 24
1207346400 25
1207432800 24
1207519200 20
1207605600 8
1207692000 27
1207778400 43
1207864800 30
1207951200 25
1208037600 20
1208124000 7
1208210400 17
1208296800 21
1208383200 25
1208469600 15
1208556000 18
1208642400 12
1208728800 7
1208815200 7
1208901600 23
1208988000 13
1209074400 21
1209160800 14
1209247200 11
1209333600 7
1209420000 3
1209506400 16
1209592800 19
1209679200 13
1209765600 17
1209852000 15
1209938400 10
1210024800 15
1210111200 28
1210197600 33
1210284000 22
1210370400 9
1210456800 11
1210543200 24
1210629600 14
1210716000 18
1210802400 31
1210888800 25
1210975200 14
1211061600 11
1211148000 11
1211234400 12
1211320800 21
1211407200 25
1211493600 16
1211580000 18
1211666400 10
1211752800 21
1211839200 10
1211925600 20
1212012000 40
1212098400 24
1212184800 23
1212271200 15
1212357600 10
1212444000 18
1212530400 16
1212616800 22
1212703200 31
1212789600 22
1212876000 15
1212962400 12
1213048800 16
1213135200 15
1213221600 10
1213308000 15
1213394400 37
1213480800 27
1213567200 12
1213653600 15
1213740000 22
1213826400 23
1213912800 23
1213999200 21
1214085600 27
1214172000 10
1214258400 10
1214344800 21
1214431200 27
1214517600 20
1214604000 19
1214690400 15
1214776800 19
1214863200 6
1214949600 14
1215036000 12
1215122400 9
1215208800 15
1215295200 17
1215381600 11
1215468000 5
1215554400 13
1215640800 20
1215727200 23
1215813600 20
1215900000 16
1215986400 15
1216072800 6
1216159200 17
1216245600 27
1216332000 24
1216418400 14
1216504800 13
1216591200 10
1216677600 11
1216764000 23
1216850400 23
1216936800 20
1217023200 20
1217109600 27
1217196000 13
1217282400 14
1217368800 23
1217455200 16
1217541600 28
1217628000 27
1217714400 9
1217800800 12
1217887200 8
1217973600 18
1218060000 25
1218146400 15
1218232800 14
1218319200 13
1218405600 6
1218492000 13
1218578400 20
1218664800 20
1218751200 17
1218837600 13
1218924000 16
1219010400 6
1219096800 13
1219183200 22
1219269600 20
1219356000 13
1219442400 21
1219528800 31
1219615200 5
1219701600 10
1219788000 6
1219874400 17
1219960800 14
1220047200 34
1220133600 17
1220220000 9
1220306400 4
1220392800 22
1220479200 28
1220565600 18
1220652000 20
1220738400 13
1220824800 11
1220911200 7
1220997600 17
1221084000 21
1221170400 23
1221256800 10
1221343200 24
1221429600 19
1221516000 18
1221602400 25
1221688800 44
1221775200 36
1221861600 42
1221948000 16
1222034400 8
1222120800 8
1222207200 22
1222293600 21
1222380000 25
1222466400 18
1222552800 14
1222639200 17
1222725600 13
1222812000 22
1222898400 29
1222984800 32
1223071200 30
1223157600 24
1223244000 18
1223330400 6
1223416800 18
1223503200 28
1223589600 26
1223676000 33
1223762400 18
1223848800 17
1223935200 11
1224021600 27
1224108000 14
1224194400 12
1224280800 24
1224367200 19
1224453600 16
1224540000 19
1224626400 19
1224712800 17
1224799200 32
1224885600 29
1224972000 14
1225062000 10
1225148400 10
1225234800 21
1225321200 15
1225407600 24
1225494000 25
1225580400 16
1225666800 9
1225753200 7
1225839600 20
1225926000 20
1226012400 22
1226098800 26
1226185200 27
1226271600 16
1226358000 8
1226444400 19
1226530800 25
1226617200 18
1226703600 31
1226790000 24
1226876400 18
1226962800 16
1227049200 29
1227135600 28
1227222000 22
1227308400 13
1227394800 14
1227481200 19
1227567600 6
1227654000 34
1227740400 13
1227826800 6
1227913200 15
1227999600 25
1228086000 16
1228172400 13
1228258800 28
1228345200 28
1228431600 25
1228518000 22
1228604400 18
1228690800 11
1228777200 13
1228863600 33
1228950000 20
1229036400 15
1229122800 19
1229209200 16
1229295600 9
1229382000 10
1229468400 21
1229554800 32
1229641200 11
1229727600 12
1229814000 11
1229900400 7
1229986800 3
1230073200 5
1230159600 4
1230246000 5
1230332400 21
1230418800 22
1230505200 10
1230591600 9
1230678000 12
