1199228400 175
1199314800 199
1199401200 205
1199487600 267
1199574000 289
1199660400 152
1199746800 186
1199833200 337
1199919600 270
1200006000 344
1200092400 243
1200178800 355
1200265200 166
1200351600 268
1200438000 246
1200524400 340
1200610800 303
1200697200 290
1200783600 267
1200870000 229
1200956400 176
1201042800 270
1201129200 259
1201215600 284
1201302000 185
1201388400 280
1201474800 188
1201561200 167
1201647600 230
1201734000 283
1201820400 189
1201906800 233
1201993200 273
1202079600 164
1202166000 137
1202252400 239
1202338800 230
1202425200 266
1202511600 307
1202598000 349
1202684400 274
1202770800 150
1202857200 205
1202943600 227
1203030000 208
1203116400 208
1203202800 273
1203289200 203
1203375600 163
1203462000 228
1203548400 228
1203634800 246
1203721200 197
1203807600 256
1203894000 157
1203980400 138
1204066800 241
1204153200 310
1204239600 275
1204326000 250
1204412400 225
1204498800 167
1204585200 202
1204671600 282
1204758000 271
1204844400 314
1204930800 286
1205017200 420
1205103600 216
1205190000 322
1205276400 300
1205362800 388
1205449200 264
1205535600 296
1205622000 323
1205708400 148
1205794800 219
1205881200 434
1205967600 244
1206054000 299
1206140400 253
1206226800 296
1206313200 190
1206399600 182
1206486000 281
1206572400 227
1206658800 269
1206745200 265
1206831600 254
1206914400 221
1207000800 129
1207087200 267
1207173600 241
1207260000 308
1207346400 262
1207432800 285
1207519200 238
1207605600 167
1207692000 345
1207778400 254
1207864800 311
1207951200 366
1208037600 309
1208124000 202
1208210400 180
1208296800 266
1208383200 226
1208469600 176
1208556000 212
1208642400 212
1208728800 205
1208815200 126
1208901600 272
1208988000 237
1209074400 233
1209160800 197
1209247200 211
1209333600 175
1209420000 109
1209506400 233
1209592800 210
1209679200 228
1209765600 316
1209852000 318
1209938400 206
1210024800 284
1210111200 299
1210197600 313
1210284000 262
1210370400 274
1210456800 254
1210543200 194
1210629600 190
1210716000 226
1210802400 201
1210888800 234
1210975200 194
1211061600 252
1211148000 199
1211234400 131
1211320800 180
1211407200 220
1211493600 245
1211580000 169
1211666400 213
1211752800 178
1211839200 115
1211925600 139
1212012000 183
1212098400 228
1212184800 198
1212271200 210
1212357600 189
1212444000 94
1212530400 197
1212616800 152
1212703200 179
1212789600 225
1212876000 225
1212962400 158
1213048800 62
1213135200 209
1213221600 237
1213308000 204
1213394400 266
1213480800 262
1213567200 126
1213653600 87
1213740000 204
1213826400 216
1213912800 215
1213999200 241
1214085600 245
1214172000 166
1214258400 75
1214344800 176
1214431200 206
1214517600 151
1214604000 173
1214690400 202
1214776800 128
1214863200 82
1214949600 151
1215036000 204
1215122400 155
1215208800 148
1215295200 227
1215381600 206
1215468000 88
1215554400 132
1215640800 130
1215727200 145
1215813600 146
1215900000 174
1215986400 126
1216072800 61
1216159200 130
1216245600 213
1216332000 186
1216418400 215
1216504800 228
1216591200 153
1216677600 156
1216764000 157
1216850400 267
1216936800 194
1217023200 231
1217109600 195
1217196000 129
1217282400 114
1217368800 207
1217455200 253
1217541600 253
1217628000 244
1217714400 232
1217800800 174
1217887200 119
1217973600 219
1218060000 210
1218146400 241
1218232800 206
1218319200 242
1218405600 172
1218492000 103
1218578400 170
1218664800 218
1218751200 323
1218837600 324
1218924000 258
1219010400 153
1219096800 126
1219183200 233
1219269600 249
1219356000 214
1219442400 204
1219528800 259
1219615200 167
1219701600 138
1219788000 267
1219874400 297
1219960800 169
1220047200 261
1220133600 261
1220220000 151
1220306400 125
1220392800 240
1220479200 280
1220565600 301
1220652000 371
1220738400 348
1220824800 299
1220911200 157
1220997600 202
1221084000 292
1221170400 354
1221256800 318
1221343200 312
1221429600 273
1221516000 102
1221602400 251
1221688800 280
1221775200 277
1221861600 343
1221948000 345
1222034400 252
1222120800 114
1222207200 239
1222293600 369
1222380000 290
1222466400 277
1222552800 317
1222639200 180
1222725600 204
1222812000 317
1222898400 258
1222984800 264
1223071200 307
1223157600 233
1223244000 166
1223330400 156
1223416800 291
1223503200 347
1223589600 372
1223676000 315
1223762400 303
1223848800 262
1223935200 167
1224021600 272
1224108000 392
1224194400 311
1224280800 390
1224367200 407
1224453600 236
1224540000 149
1224626400 228
1224712800 275
1224799200 284
1224885600 330
1224972000 309
1225062000 178
1225148400 206
1225234800 279
1225321200 256
1225407600 331
1225494000 438
1225580400 313
1225666800 218
1225753200 144
1225839600 161
1225926000 336
1226012400 276
1226098800 332
1226185200 364
1226271600 228
1226358000 175
1226444400 219
1226530800 345
1226617200 212
1226703600 375
1226790000 352
1226876400 242
1226962800 199
1227049200 285
1227135600 230
1227222000 271
1227308400 330
1227394800 325
1227481200 248
1227567600 129
1227654000 251
1227740400 238
1227826800 133
1227913200 217
1227999600 317
1228086000 224
1228172400 143
1228258800 222
1228345200 263
1228431600 216
1228518000 371
1228604400 323
1228690800 128
1228777200 148
1228863600 222
1228950000 231
1229036400 126
1229122800 260
1229209200 361
1229295600 200
1229382000 176
1229468400 198
1229554800 222
1229641200 206
1229727600 212
1229814000 309
1229900400 153
1229986800 108
1230073200 176
1230159600 126
1230246000 71
1230332400 282
1230418800 346
1230505200 190
1230591600 136
1230678000 219
