1199228400 11
1199314800 21
1199401200 19
1199487600 23
1199574000 29
1199660400 10
1199746800 8
1199833200 31
1199919600 30
1200006000 25
1200092400 26
1200178800 29
1200265200 17
1200351600 9
1200438000 18
1200524400 23
1200610800 20
1200697200 18
1200783600 18
1200870000 10
1200956400 5
1201042800 20
1201129200 14
1201215600 20
1201302000 14
1201388400 25
1201474800 12
1201561200 9
1201647600 13
1201734000 23
1201820400 16
1201906800 12
1201993200 20
1202079600 7
1202166000 6
1202252400 15
1202338800 24
1202425200 28
1202511600 30
1202598000 19
1202684400 13
1202770800 7
1202857200 24
1202943600 17
1203030000 12
1203116400 21
1203202800 18
1203289200 16
1203375600 10
1203462000 27
1203548400 20
1203634800 14
1203721200 14
1203807600 9
1203894000 10
1203980400 10
1204066800 14
1204153200 23
1204239600 12
1204326000 27
1204412400 12
1204498800 5
1204585200 17
1204671600 35
1204758000 26
1204844400 30
1204930800 23
1205017200 35
1205103600 7
1205190000 15
1205276400 21
1205362800 21
1205449200 19
1205535600 22
1205622000 12
1205708400 11
1205794800 14
1205881200 14
1205967600 15
1206054000 23
1206140400 24
1206226800 12
1206313200 4
1206399600 7
1206486000 19
1206572400 18
1206658800 18
1206745200 26
1206831600 20
1206914400 16
1207000800 10
1207087200 17
1207173600 22
1207260000 35
1207346400 23
1207432800 21
1207519200 16
1207605600 5
1207692000 21
1207778400 25
1207864800 37
1207951200 32
1208037600 18
1208124000 14
1208210400 8
1208296800 5
1208383200 11
1208469600 19
1208556000 25
1208642400 6
1208728800 8
1208815200 10
1208901600 25
1208988000 12
1209074400 16
1209160800 18
1209247200 15
1209333600 4
1209420000 6
1209506400 18
1209592800 19
1209679200 19
1209765600 20
1209852000 12
1209938400 14
1210024800 21
1210111200 22
1210197600 13
1210284000 23
1210370400 22
1210456800 16
1210543200 15
1210629600 7
1210716000 18
1210802400 15
1210888800 11
1210975200 13
1211061600 14
1211148000 7
1211234400 8
1211320800 17
1211407200 20
1211493600 16
1211580000 10
1211666400 14
1211752800 12
1211839200 6
1211925600 11
1212012000 21
1212098400 15
1212184800 14
1212271200 18
1212357600 16
1212444000 4
1212530400 18
1212616800 16
1212703200 13
1212789600 19
1212876000 7
1212962400 8
1213048800 9
1213135200 11
1213221600 15
1213308000 15
1213394400 18
1213480800 20
1213567200 1
1213653600 8
1213740000 28
1213826400 17
1213912800 15
1213999200 25
1214085600 15
1214172000 13
1214258400 7
1214344800 10
1214431200 10
1214517600 14
1214604000 21
1214690400 9
1214776800 7
1214863200 5
1214949600 15
1215036000 20
1215122400 17
1215208800 14
1215295200 22
1215381600 5
1215468000 2
1215554400 12
1215640800 19
1215727200 8
1215813600 18
1215900000 6
1215986400 9
1216072800 1
1216159200 6
1216245600 13
1216332000 7
1216418400 10
1216504800 13
1216591200 4
1216677600 7
1216764000 10
1216850400 14
1216936800 18
1217023200 19
1217109600 8
1217196000 8
1217282400 9
1217368800 21
1217455200 16
1217541600 17
1217628000 9
1217714400 16
1217800800 12
1217887200 7
1217973600 13
1218060000 25
1218146400 18
1218232800 21
1218319200 7
1218405600 11
1218492000 2
1218578400 5
1218664800 12
1218751200 18
1218837600 28
1218924000 9
1219010400 6
1219096800 9
1219183200 13
1219269600 12
1219356000 15
1219442400 10
1219528800 11
1219615200 6
1219701600 4
1219788000 17
1219874400 10
1219960800 6
1220047200 7
1220133600 17
1220220000 4
1220306400 3
1220392800 7
1220479200 18
1220565600 23
1220652000 20
1220738400 15
1220824800 14
1220911200 4
1220997600 9
1221084000 19
1221170400 15
1221256800 8
1221343200 9
1221429600 11
1221516000 5
1221602400 11
1221688800 14
1221775200 12
1221861600 20
1221948000 10
1222034400 7
1222120800 2
1222207200 7
1222293600 16
1222380000 2
1222466400 10
1222552800 17
1222639200 10
1222725600 1
1222812000 14
1222898400 11
1222984800 11
1223071200 19
1223157600 9
1223244000 4
1223330400 9
1223416800 14
1223503200 18
1223589600 31
1223676000 10
1223762400 11
1223848800 16
1223935200 2
1224021600 14
1224108000 16
1224194400 24
1224280800 19
1224367200 11
1224453600 6
1224540000 5
1224626400 12
1224712800 16
1224799200 14
1224885600 18
1224972000 12
1225062000 14
1225148400 10
1225234800 19
1225321200 12
1225407600 10
1225494000 14
1225580400 8
1225666800 16
1225753200 6
1225839600 15
1225926000 23
1226012400 10
1226098800 4
1226185200 14
1226271600 7
1226358000 16
1226444400 14
1226530800 14
1226617200 10
1226703600 16
1226790000 21
1226876400 12
1226962800 15
1227049200 22
1227135600 17
1227222000 17
1227308400 16
1227394800 13
1227481200 10
1227567600 9
1227654000 16
1227740400 29
1227826800 8
1227913200 15
1227999600 10
1228086000 6
1228172400 8
1228258800 16
1228345200 23
1228431600 16
1228518000 19
1228604400 17
1228690800 10
1228777200 4
1228863600 10
1228950000 10
1229036400 19
1229122800 17
1229209200 13
1229295600 7
1229382000 8
1229468400 16
1229554800 8
1229641200 8
1229727600 8
1229814000 9
1229900400 6
1229986800 8
1230073200 11
1230159600 13
1230246000 3
1230332400 14
1230418800 11
1230505200 12
1230591600 7
1230678000 10
