1136070000 7
1136156400 18
1136242800 30
1136329200 21
1136415600 35
1136502000 35
1136588400 21
1136674800 21
1136761200 27
1136847600 26
1136934000 37
1137020400 35
1137106800 35
1137193200 26
1137279600 18
1137366000 26
1137452400 29
1137538800 44
1137625200 30
1137711600 18
1137798000 33
1137884400 40
1137970800 31
1138057200 36
1138143600 43
1138230000 40
1138316400 23
1138402800 21
1138489200 15
1138575600 30
1138662000 33
1138748400 26
1138834800 29
1138921200 37
1139007600 32
1139094000 33
1139180400 36
1139266800 77
1139353200 48
1139439600 59
1139526000 50
1139612400 34
1139698800 29
1139785200 30
1139871600 15
1139958000 37
1140044400 43
1140130800 53
1140217200 36
1140303600 43
1140390000 42
1140476400 48
1140562800 52
1140649200 28
1140735600 60
1140822000 38
1140908400 38
1140994800 29
1141081200 36
1141167600 32
1141254000 66
1141340400 45
1141426800 35
1141513200 54
1141599600 104
1141686000 46
1141772400 73
1141858800 50
1141945200 73
1142031600 77
1142118000 113
1142204400 48
1142290800 52
1142377200 75
1142463600 52
1142550000 44
1142636400 64
1142722800 44
1142809200 24
1142895600 33
1142982000 33
1143068400 29
1143154800 46
1143241200 28
1143327600 49
1143410400 29
1143496800 67
1143583200 53
1143669600 51
1143756000 29
1143842400 35
1143928800 37
1144015200 36
1144101600 61
1144188000 36
1144274400 60
1144360800 57
1144447200 60
1144533600 50
1144620000 40
1144706400 37
1144792800 39
1144879200 45
1144965600 74
1145052000 74
1145138400 32
1145224800 39
1145311200 34
1145397600 27
1145484000 41
1145570400 48
1145656800 34
1145743200 28
1145829600 64
1145916000 42
1146002400 38
1146088800 63
1146175200 61
1146261600 40
1146348000 52
1146434400 51
1146520800 42
1146607200 40
1146693600 32
1146780000 40
1146866400 61
1146952800 58
1147039200 36
1147125600 36
1147212000 45
1147298400 41
1147384800 71
1147471200 78
1147557600 47
1147644000 29
1147730400 52
1147816800 42
1147903200 57
1147989600 49
1148076000 58
1148162400 54
1148248800 44
1148335200 71
1148421600 59
1148508000 61
1148594400 61
1148680800 57
1148767200 32
1148853600 47
1148940000 64
1149026400 53
1149112800 46
1149199200 34
1149285600 48
1149372000 28
1149458400 36
1149544800 64
1149631200 78
1149717600 58
1149804000 38
1149890400 47
1149976800 36
1150063200 30
1150149600 69
1150236000 66
1150322400 144
1150408800 83
1150495200 64
1150581600 50
1150668000 40
1150754400 39
1150840800 42
1150927200 57
1151013600 34
1151100000 45
1151186400 59
1151272800 36
1151359200 34
1151445600 25
1151532000 37
1151618400 50
1151704800 39
1151791200 34
1151877600 38
1151964000 28
1152050400 28
1152136800 39
1152223200 51
1152309600 70
1152396000 51
1152482400 44
1152568800 24
1152655200 35
1152741600 55
1152828000 23
1152914400 49
1153000800 18
1153087200 23
1153173600 25
1153260000 29
1153346400 30
1153432800 47
1153519200 32
1153605600 28
1153692000 36
1153778400 21
1153864800 31
1153951200 14
1154037600 33
1154124000 48
1154210400 35
1154296800 38
1154383200 22
1154469600 22
1154556000 35
1154642400 57
1154728800 49
1154815200 65
1154901600 38
1154988000 54
1155074400 52
1155160800 41
1155247200 77
1155333600 57
1155420000 46
1155506400 18
1155592800 42
1155679200 34
1155765600 47
1155852000 77
1155938400 29
1156024800 28
1156111200 36
1156197600 35
1156284000 51
1156370400 39
1156456800 37
1156543200 50
1156629600 46
1156716000 44
1156802400 48
1156888800 30
1156975200 43
1157061600 50
1157148000 57
1157234400 54
1157320800 36
1157407200 40
1157493600 45
1157580000 26
1157666400 36
1157752800 33
1157839200 32
1157925600 26
1158012000 30
1158098400 51
1158184800 49
1158271200 34
1158357600 36
1158444000 25
1158530400 32
1158616800 38
1158703200 27
1158789600 37
1158876000 30
1158962400 42
1159048800 37
1159135200 46
1159221600 48
1159308000 28
1159394400 30
1159480800 34
1159567200 43
1159653600 28
1159740000 41
1159826400 35
1159912800 47
1159999200 48
1160085600 84
1160172000 34
1160258400 38
1160344800 38
1160431200 43
1160517600 22
1160604000 24
1160690400 25
1160776800 21
1160863200 33
1160949600 32
1161036000 31
1161122400 29
1161208800 28
1161295200 47
1161381600 47
1161468000 28
1161554400 38
1161640800 48
1161727200 22
1161813600 29
1161900000 36
1161986400 60
1162072800 45
1162162800 27
1162249200 64
1162335600 32
1162422000 32
1162508400 28
1162594800 44
1162681200 31
1162767600 35
1162854000 37
1162940400 35
1163026800 48
1163113200 52
1163199600 44
1163286000 35
1163372400 23
1163458800 63
1163545200 45
1163631600 45
1163718000 50
1163804400 40
1163890800 42
1163977200 31
1164063600 64
1164150000 43
1164236400 37
1164322800 40
1164409200 72
1164495600 49
1164582000 41
1164668400 55
1164754800 45
1164841200 65
1164927600 38
1165014000 41
1165100400 16
1165186800 23
1165273200 40
1165359600 49
1165446000 54
1165532400 78
1165618800 69
1165705200 58
1165791600 69
1165878000 67
1165964400 49
1166050800 36
1166137200 57
1166223600 53
1166310000 44
1166396400 35
1166482800 52
1166569200 37
1166655600 31
1166742000 36
1166828400 27
1166914800 19
1167001200 11
1167087600 27
1167174000 26
1167260400 52
1167346800 30
1167433200 38
1167519600 27
