1230764400 58
1230850800 97
1230937200 66
1231023600 73
1231110000 23
1231196400 69
1231282800 65
1231369200 83
1231455600 110
1231542000 126
1231628400 53
1231714800 73
1231801200 85
1231887600 103
1231974000 80
1232060400 152
1232146800 98
1232233200 51
1232319600 70
1232406000 65
1232492400 112
1232578800 112
1232665200 131
1232751600 103
1232838000 75
1232924400 27
1233010800 58
1233097200 94
1233183600 115
1233270000 114
1233356400 63
1233442800 63
1233529200 23
1233615600 21
1233702000 83
1233788400 74
1233874800 74
1233961200 70
1234047600 50
1234134000 40
1234220400 70
1234306800 75
1234393200 90
1234479600 74
1234566000 50
1234652400 53
1234738800 73
1234825200 44
1234911600 76
1234998000 66
1235084400 66
1235170800 66
1235257200 55
1235343600 20
1235430000 23
1235516400 51
1235602800 88
1235689200 119
1235775600 55
1235862000 36
1235948400 19
1236034800 25
1236121200 56
1236207600 35
1236294000 72
1236380400 26
1236466800 22
1236553200 14
1236639600 24
1236726000 52
1236812400 48
1236898800 63
1236985200 66
1237071600 26
1237158000 39
1237244400 50
1237330800 45
1237417200 54
1237503600 49
1237590000 68
1237676400 24
1237762800 40
1237849200 48
1237935600 38
1238022000 47
1238108400 75
1238194800 84
1238281200 35
1238364000 30
1238450400 34
1238536800 35
1238623200 43
1238709600 29
1238796000 53
1238882400 24
1238968800 29
1239055200 53
1239141600 47
1239228000 60
1239314400 19
1239400800 40
1239487200 22
1239573600 31
1239660000 31
1239746400 30
1239832800 54
1239919200 32
1240005600 26
1240092000 33
1240178400 15
1240264800 54
1240351200 36
1240437600 18
1240524000 26
1240610400 41
1240696800 25
1240783200 17
1240869600 48
1240956000 29
1241042400 45
1241128800 27
1241215200 22
1241301600 86
1241388000 26
1241474400 41
1241560800 51
1241647200 43
1241733600 35
1241820000 35
1241906400 20
1241992800 11
1242079200 48
1242165600 36
1242252000 44
1242338400 40
1242424800 34
1242511200 35
1242597600 17
1242684000 35
1242770400 34
1242856800 33
1242943200 29
1243029600 38
1243116000 32
1243202400 22
1243288800 31
1243375200 40
1243461600 33
1243548000 32
1243634400 25
1243720800 13
1243807200 18
1243893600 23
1243980000 34
1244066400 13
1244152800 38
1244239200 22
1244325600 12
1244412000 5
1244498400 16
1244584800 21
1244671200 21
1244757600 21
1244844000 29
1244930400 23
1245016800 9
1245103200 23
1245189600 22
1245276000 39
1245362400 31
1245448800 26
1245535200 23
1245621600 22
1245708000 32
1245794400 24
1245880800 15
1245967200 25
1246053600 39
1246140000 19
1246226400 17
1246312800 11
1246399200 29
1246485600 28
1246572000 35
1246658400 23
1246744800 20
1246831200 20
1246917600 23
1247004000 19
1247090400 18
1247176800 33
1247263200 31
1247349600 26
1247436000 20
1247522400 12
1247608800 22
1247695200 19
1247781600 23
1247868000 51
1247954400 18
1248040800 13
1248127200 16
1248213600 21
1248300000 28
1248386400 37
1248472800 32
1248559200 17
1248645600 15
1248732000 17
1248818400 21
1248904800 22
1248991200 41
1249077600 28
1249164000 11
1249250400 12
1249336800 29
1249423200 25
1249509600 22
1249596000 38
1249682400 43
1249768800 31
1249855200 28
1249941600 11
1250028000 17
1250114400 12
1250200800 16
1250287200 23
1250373600 24
1250460000 21
1250546400 24
1250632800 24
1250719200 44
1250805600 61
1250892000 64
1250978400 59
1251064800 41
1251151200 49
1251237600 90
1251324000 97
1251410400 70
1251496800 116
1251583200 57
1251669600 31
1251756000 48
1251842400 65
1251928800 59
1252015200 45
1252101600 51
1252188000 53
1252274400 42
1252360800 65
1252447200 69
1252533600 96
1252620000 69
1252706400 78
1252792800 51
1252879200 21
1252965600 38
1253052000 49
1253138400 57
1253224800 60
1253311200 57
1253397600 48
1253484000 44
1253570400 57
1253656800 53
1253743200 68
1253829600 78
1253916000 99
1254002400 59
1254088800 64
1254175200 39
1254261600 43
1254348000 48
1254434400 54
1254520800 65
1254607200 63
1254693600 58
1254780000 42
1254866400 52
1254952800 47
1255039200 59
1255125600 62
1255212000 63
1255298400 56
1255384800 57
1255471200 57
1255557600 54
1255644000 43
1255730400 54
1255816800 64
1255903200 27
1255989600 44
1256076000 32
1256162400 41
1256248800 39
1256335200 37
1256421600 44
1256511600 28
1256598000 44
1256684400 23
1256770800 28
1256857200 41
1256943600 28
1257030000 35
1257116400 30
1257202800 33
1257289200 40
1257375600 26
1257462000 39
1257548400 45
1257634800 22
1257721200 21
1257807600 52
1257894000 45
1257980400 48
1258066800 47
1258153200 37
1258239600 30
1258326000 35
1258412400 23
1258498800 41
1258585200 37
1258671600 48
1258758000 36
1258844400 27
1258930800 28
1259017200 27
1259103600 26
1259190000 21
1259276400 19
1259362800 43
1259449200 22
1259535600 19
1259622000 9
1259708400 16
1259794800 27
1259881200 20
1259967600 26
1260054000 7
1260140400 19
1260226800 37
1260313200 21
1260399600 12
1260486000 35
1260572400 64
1260658800 21
1260745200 11
1260831600 12
1260918000 10
1261004400 12
1261090800 9
1261177200 17
1261263600 9
1261350000 19
1261436400 11
1261522800 12
1261609200 7
1261695600 4
1261782000 13
1261868400 28
1261954800 25
1262041200 20
1262127600 18
1262214000 9
