1167606000 31
1167692400 88
1167778800 53
1167865200 77
1167951600 68
1168038000 75
1168124400 59
1168210800 37
1168297200 40
1168383600 47
1168470000 60
1168556400 70
1168642800 66
1168729200 60
1168815600 35
1168902000 43
1168988400 30
1169074800 36
1169161200 51
1169247600 58
1169334000 55
1169420400 34
1169506800 55
1169593200 26
1169679600 24
1169766000 39
1169852400 48
1169938800 41
1170025200 44
1170111600 54
1170198000 49
1170284400 31
1170370800 45
1170457200 76
1170543600 46
1170630000 23
1170716400 45
1170802800 31
1170889200 33
1170975600 31
1171062000 69
1171148400 44
1171234800 39
1171321200 25
1171407600 31
1171494000 22
1171580400 21
1171666800 66
1171753200 28
1171839600 20
1171926000 45
1172012400 40
1172098800 24
1172185200 31
1172271600 37
1172358000 36
1172444400 22
1172530800 55
1172617200 63
1172703600 52
1172790000 48
1172876400 30
1172962800 41
1173049200 22
1173135600 39
1173222000 40
1173308400 35
1173394800 30
1173481200 37
1173567600 13
1173654000 21
1173740400 64
1173826800 57
1173913200 41
1173999600 33
1174086000 51
1174172400 25
1174258800 18
1174345200 36
1174431600 41
1174518000 34
1174604400 17
1174690800 24
1174777200 22
1174860000 13
1174946400 23
1175032800 20
1175119200 39
1175205600 32
1175292000 44
1175378400 10
1175464800 32
1175551200 27
1175637600 36
1175724000 40
1175810400 41
1175896800 64
1175983200 43
1176069600 32
1176156000 59
1176242400 50
1176328800 27
1176415200 18
1176501600 28
1176588000 13
1176674400 32
1176760800 28
1176847200 53
1176933600 16
1177020000 36
1177106400 25
1177192800 13
1177279200 16
1177365600 30
1177452000 24
1177538400 49
1177624800 33
1177711200 30
1177797600 26
1177884000 17
1177970400 31
1178056800 24
1178143200 35
1178229600 33
1178316000 19
1178402400 21
1178488800 12
1178575200 49
1178661600 28
1178748000 51
1178834400 29
1178920800 38
1179007200 11
1179093600 29
1179180000 25
1179266400 32
1179352800 45
1179439200 93
1179525600 80
1179612000 50
1179698400 37
1179784800 29
1179871200 29
1179957600 51
1180044000 67
1180130400 40
1180216800 23
1180303200 17
1180389600 38
1180476000 89
1180562400 65
1180648800 41
1180735200 35
1180821600 16
1180908000 30
1180994400 28
1181080800 63
1181167200 29
1181253600 31
1181340000 69
1181426400 46
1181512800 21
1181599200 29
1181685600 61
1181772000 45
1181858400 26
1181944800 37
1182031200 34
1182117600 21
1182204000 18
1182290400 37
1182376800 32
1182463200 23
1182549600 38
1182636000 28
1182722400 33
1182808800 41
1182895200 31
1182981600 19
1183068000 34
1183154400 39
1183240800 34
1183327200 18
1183413600 35
1183500000 22
1183586400 28
1183672800 60
1183759200 57
1183845600 55
1183932000 31
1184018400 19
1184104800 18
1184191200 13
1184277600 36
1184364000 35
1184450400 35
1184536800 17
1184623200 21
1184709600 60
1184796000 18
1184882400 36
1184968800 47
1185055200 20
1185141600 18
1185228000 28
1185314400 39
1185400800 32
1185487200 42
1185573600 43
1185660000 57
1185746400 39
1185832800 29
1185919200 67
1186005600 25
1186092000 38
1186178400 33
1186264800 35
1186351200 28
1186437600 33
1186524000 19
1186610400 17
1186696800 39
1186783200 39
1186869600 40
1186956000 33
1187042400 45
1187128800 40
1187215200 26
1187301600 43
1187388000 41
1187474400 46
1187560800 30
1187647200 35
1187733600 45
1187820000 49
1187906400 30
1187992800 47
1188079200 58
1188165600 37
1188252000 21
1188338400 19
1188424800 23
1188511200 49
1188597600 65
1188684000 41
1188770400 35
1188856800 45
1188943200 50
1189029600 21
1189116000 20
1189202400 17
1189288800 20
1189375200 30
1189461600 26
1189548000 21
1189634400 22
1189720800 29
1189807200 68
1189893600 46
1189980000 18
1190066400 24
1190152800 34
1190239200 30
1190325600 20
1190412000 42
1190498400 48
1190584800 18
1190671200 25
1190757600 26
1190844000 12
1190930400 32
1191016800 58
1191103200 36
1191189600 13
1191276000 50
1191362400 41
1191448800 49
1191535200 40
1191621600 78
1191708000 30
1191794400 23
1191880800 38
1191967200 72
1192053600 33
1192140000 18
1192226400 18
1192312800 29
1192399200 25
1192485600 37
1192572000 44
1192658400 25
1192744800 16
1192831200 41
1192917600 25
1193004000 22
1193090400 31
1193176800 20
1193263200 19
1193349600 19
1193436000 28
1193522400 38
1193612400 12
1193698800 21
1193785200 19
1193871600 12
1193958000 21
1194044400 26
1194130800 25
1194217200 17
1194303600 20
1194390000 22
1194476400 32
1194562800 25
1194649200 32
1194735600 29
1194822000 32
1194908400 26
1194994800 13
1195081200 42
1195167600 39
1195254000 56
1195340400 50
1195426800 37
1195513200 30
1195599600 37
1195686000 12
1195772400 25
1195858800 52
1195945200 28
1196031600 20
1196118000 38
1196204400 29
1196290800 16
1196377200 38
1196463600 24
1196550000 9
1196636400 23
1196722800 17
1196809200 22
1196895600 23
1196982000 24
1197068400 38
1197154800 27
1197241200 29
1197327600 45
1197414000 37
1197500400 30
1197586800 27
1197673200 25
1197759600 24
1197846000 21
1197932400 30
1198018800 14
1198105200 23
1198191600 19
1198278000 30
1198364400 20
1198450800 3
1198537200 3
1198623600 19
1198710000 46
1198796400 33
1198882800 27
1198969200 30
1199055600 5
