1262386800 466
1262473200 470
1262559600 322
1262646000 266
1262732400 507
1262818800 576
1262905200 692
1262991600 651
1263078000 622
1263164400 511
1263250800 372
1263337200 514
1263423600 634
1263510000 648
1263596400 702
1263682800 651
1263769200 437
1263855600 432
1263942000 607
1264028400 674
1264114800 809
1264201200 783
1264287600 676
1264374000 370
1264460400 355
1264546800 553
1264633200 693
1264719600 602
1264806000 546
1264892400 657
1264978800 417
1265065200 465
1265151600 550
1265238000 668
1265324400 613
1265410800 733
1265497200 619
1265583600 287
1265670000 424
1265756400 602
1265842800 265
1265929200 577
1266015600 885
1266102000 647
1266188400 394
1266274800 391
1266361200 407
1266447600 579
1266534000 699
1266620400 713
1266706800 707
1266793200 458
1266879600 404
1266966000 548
1267052400 731
1267138800 393
1267225200 511
1267311600 655
1267398000 449
1267484400 403
1267570800 625
1267657200 608
1267743600 655
1267830000 664
1267916400 681
1268002800 425
1268089200 423
1268175600 585
1268262000 633
1268348400 603
1268434800 596
1268521200 365
1268607600 263
1268694000 324
1268780400 566
1268866800 616
1268953200 617
1269039600 589
1269126000 661
1269212400 399
1269298800 229
1269385200 511
1269471600 636
1269558000 677
1269644400 593
1269730800 700
1269813600 353
1269900000 250
1269986400 380
1270072800 558
1270159200 574
1270245600 702
1270332000 587
1270418400 324
1270504800 352
1270591200 645
1270677600 645
1270764000 705
1270850400 756
1270936800 670
1271023200 465
1271109600 458
1271196000 619
1271282400 674
1271368800 713
1271455200 834
1271541600 906
1271628000 553
1271714400 586
1271800800 776
1271887200 888
1271973600 925
1272060000 894
1272146400 907
1272232800 520
1272319200 385
1272405600 728
1272492000 947
1272578400 852
1272664800 937
1272751200 734
1272837600 612
1272924000 477
1273010400 761
1273096800 841
1273183200 812
1273269600 923
1273356000 770
1273442400 518
1273528800 524
1273615200 635
1273701600 641
1273788000 761
1273874400 885
1273960800 739
1274047200 423
1274133600 471
1274220000 432
1274306400 785
1274392800 791
1274479200 851
1274565600 756
1274652000 531
1274738400 446
1274824800 592
1274911200 572
1274997600 681
1275084000 816
1275170400 638
1275256800 455
1275343200 304
1275429600 540
1275516000 590
1275602400 552
1275688800 595
1275775200 596
1275861600 434
1275948000 377
1276034400 559
1276120800 592
1276207200 651
1276293600 687
1276380000 662
1276466400 380
1276552800 362
1276639200 585
1276725600 651
1276812000 495
1276898400 601
1276984800 633
1277071200 366
1277157600 385
1277244000 541
1277330400 562
1277416800 500
1277503200 639
1277589600 587
1277676000 420
1277762400 354
1277848800 479
1277935200 527
1278021600 595
1278108000 547
1278194400 673
1278280800 508
1278367200 425
1278453600 366
1278540000 475
1278626400 501
1278712800 635
1278799200 720
1278885600 537
1278972000 367
1279058400 408
1279144800 529
1279231200 497
1279317600 496
1279404000 460
1279490400 354
1279576800 292
1279663200 462
1279749600 549
1279836000 456
1279922400 502
1280008800 484
1280095200 499
1280181600 370
1280268000 493
1280354400 489
1280440800 493
1280527200 518
1280613600 570
1280700000 468
1280786400 354
1280872800 414
1280959200 551
1281045600 506
1281132000 662
1281218400 521
1281304800 531
1281391200 319
1281477600 473
1281564000 513
1281650400 513
1281736800 571
1281823200 554
1281909600 469
1281996000 278
1282082400 439
1282168800 472
1282255200 529
1282341600 612
1282428000 554
1282514400 476
1282600800 343
1282687200 451
1282773600 501
1282860000 502
1282946400 575
1283032800 609
1283119200 547
1283205600 355
1283292000 442
1283378400 481
1283464800 494
1283551200 526
1283637600 525
1283724000 464
1283810400 300
1283896800 474
1283983200 524
1284069600 614
1284156000 706
1284242400 632
1284328800 457
1284415200 347
1284501600 326
1284588000 572
1284674400 433
1284760800 506
1284847200 533
1284933600 416
1285020000 326
1285106400 555
1285192800 556
1285279200 548
1285365600 514
1285452000 591
1285538400 429
1285624800 305
1285711200 436
1285797600 546
1285884000 559
1285970400 515
1286056800 595
1286143200 477
1286229600 267
1286316000 498
1286402400 604
1286488800 585
1286575200 714
1286661600 663
1286748000 434
1286834400 337
1286920800 535
1287007200 709
1287093600 566
1287180000 725
1287266400 720
1287352800 462
1287439200 464
1287525600 574
1287612000 668
1287698400 692
1287784800 699
1287871200 724
1287957600 545
1288044000 446
1288130400 487
1288216800 620
1288303200 654
1288389600 622
1288476000 656
1288566000 609
1288652400 328
1288738800 408
1288825200 588
1288911600 562
1288998000 877
1289084400 686
1289170800 518
1289257200 387
1289343600 604
1289430000 718
1289516400 663
1289602800 784
1289689200 686
1289775600 344
1289862000 328
1289948400 402
1290034800 637
1290121200 571
1290207600 681
1290294000 566
1290380400 414
1290466800 438
1290553200 540
1290639600 539
1290726000 164
1290812400 377
1290898800 567
1290985200 410
1291071600 284
1291158000 491
1291244400 399
1291330800 573
1291417200 632
1291503600 551
1291590000 377
1291676400 347
1291762800 418
1291849200 442
1291935600 454
1292022000 598
1292108400 451
1292194800 262
1292281200 358
1292367600 409
1292454000 368
1292540400 368
1292626800 526
1292713200 461
1292799600 273
1292886000 345
1292972400 423
1293058800 465
1293145200 404
1293231600 182
1293318000 65
1293404400 95
1293490800 21
1293577200 91
1293663600 164
1293750000 199
