1262386800 19
1262473200 30
1262559600 14
1262646000 15
1262732400 33
1262818800 31
1262905200 50
1262991600 34
1263078000 31
1263164400 23
1263250800 12
1263337200 29
1263423600 32
1263510000 37
1263596400 47
1263682800 29
1263769200 15
1263855600 18
1263942000 32
1264028400 23
1264114800 36
1264201200 40
1264287600 46
1264374000 13
1264460400 14
1264546800 30
1264633200 49
1264719600 26
1264806000 30
1264892400 29
1264978800 12
1265065200 12
1265151600 46
1265238000 33
1265324400 36
1265410800 38
1265497200 24
1265583600 13
1265670000 15
1265756400 33
1265842800 14
1265929200 39
1266015600 41
1266102000 32
1266188400 15
1266274800 22
1266361200 23
1266447600 34
1266534000 33
1266620400 29
1266706800 25
1266793200 21
1266879600 30
1266966000 35
1267052400 40
1267138800 16
1267225200 32
1267311600 27
1267398000 20
1267484400 13
1267570800 35
1267657200 31
1267743600 51
1267830000 40
1267916400 31
1268002800 21
1268089200 23
1268175600 37
1268262000 34
1268348400 32
1268434800 34
1268521200 29
1268607600 7
1268694000 32
1268780400 27
1268866800 37
1268953200 26
1269039600 39
1269126000 23
1269212400 13
1269298800 14
1269385200 30
1269471600 34
1269558000 27
1269644400 29
1269730800 28
1269813600 24
1269900000 15
1269986400 19
1270072800 22
1270159200 29
1270245600 33
1270332000 24
1270418400 17
1270504800 9
1270591200 33
1270677600 34
1270764000 38
1270850400 45
1270936800 18
1271023200 19
1271109600 21
1271196000 38
1271282400 39
1271368800 36
1271455200 39
1271541600 51
1271628000 21
1271714400 23
1271800800 34
1271887200 45
1271973600 63
1272060000 53
1272146400 40
1272232800 23
1272319200 20
1272405600 37
1272492000 39
1272578400 32
1272664800 28
1272751200 24
1272837600 22
1272924000 29
1273010400 52
1273096800 38
1273183200 36
1273269600 48
1273356000 32
1273442400 17
1273528800 25
1273615200 33
1273701600 41
1273788000 34
1273874400 33
1273960800 42
1274047200 12
1274133600 20
1274220000 23
1274306400 33
1274392800 32
1274479200 35
1274565600 45
1274652000 30
1274738400 13
1274824800 28
1274911200 29
1274997600 40
1275084000 32
1275170400 17
1275256800 23
1275343200 10
1275429600 27
1275516000 32
1275602400 33
1275688800 37
1275775200 19
1275861600 25
1275948000 13
1276034400 26
1276120800 32
1276207200 21
1276293600 31
1276380000 36
1276466400 14
1276552800 17
1276639200 32
1276725600 43
1276812000 28
1276898400 38
1276984800 31
1277071200 15
1277157600 16
1277244000 25
1277330400 31
1277416800 32
1277503200 30
1277589600 28
1277676000 17
1277762400 10
1277848800 30
1277935200 19
1278021600 24
1278108000 29
1278194400 36
1278280800 24
1278367200 19
1278453600 18
1278540000 22
1278626400 31
1278712800 30
1278799200 31
1278885600 13
1278972000 12
1279058400 27
1279144800 37
1279231200 41
1279317600 26
1279404000 18
1279490400 12
1279576800 24
1279663200 25
1279749600 39
1279836000 37
1279922400 25
1280008800 22
1280095200 15
1280181600 16
1280268000 30
1280354400 25
1280440800 22
1280527200 18
1280613600 18
1280700000 16
1280786400 24
1280872800 28
1280959200 32
1281045600 30
1281132000 34
1281218400 22
1281304800 19
1281391200 16
1281477600 18
1281564000 35
1281650400 31
1281736800 31
1281823200 24
1281909600 26
1281996000 16
1282082400 27
1282168800 21
1282255200 35
1282341600 30
1282428000 26
1282514400 41
1282600800 11
1282687200 19
1282773600 18
1282860000 31
1282946400 39
1283032800 19
1283119200 20
1283205600 20
1283292000 29
1283378400 31
1283464800 46
1283551200 36
1283637600 24
1283724000 28
1283810400 8
1283896800 31
1283983200 39
1284069600 23
1284156000 33
1284242400 52
1284328800 17
1284415200 18
1284501600 30
1284588000 36
1284674400 32
1284760800 30
1284847200 34
1284933600 10
1285020000 19
1285106400 36
1285192800 38
1285279200 25
1285365600 19
1285452000 29
1285538400 32
1285624800 17
1285711200 30
1285797600 32
1285884000 21
1285970400 33
1286056800 37
1286143200 32
1286229600 15
1286316000 31
1286402400 45
1286488800 48
1286575200 37
1286661600 27
1286748000 23
1286834400 16
1286920800 37
1287007200 39
1287093600 33
1287180000 31
1287266400 26
1287352800 19
1287439200 17
1287525600 36
1287612000 52
1287698400 55
1287784800 38
1287871200 24
1287957600 23
1288044000 20
1288130400 21
1288216800 30
1288303200 24
1288389600 29
1288476000 34
1288566000 23
1288652400 17
1288738800 23
1288825200 29
1288911600 28
1288998000 34
1289084400 26
1289170800 16
1289257200 11
1289343600 32
1289430000 32
1289516400 40
1289602800 38
1289689200 37
1289775600 13
1289862000 15
1289948400 18
1290034800 20
1290121200 26
1290207600 41
1290294000 30
1290380400 29
1290466800 12
1290553200 42
1290639600 24
1290726000 10
1290812400 18
1290898800 36
1290985200 14
1291071600 4
1291158000 21
1291244400 18
1291330800 31
1291417200 54
1291503600 27
1291590000 20
1291676400 28
1291762800 14
1291849200 26
1291935600 28
1292022000 30
1292108400 25
1292194800 16
1292281200 27
1292367600 25
1292454000 23
1292540400 12
1292626800 28
1292713200 25
1292799600 18
1292886000 18
1292972400 14
1293058800 18
1293145200 14
1293231600 5
1293318000 3
1293404400 1
1293577200 3
1293663600 9
1293750000 21
