1293836400 4
1293922800 15
1294009200 13
1294095600 32
1294182000 38
1294268400 66
1294354800 37
1294441200 26
1294527600 9
1294614000 20
1294700400 32
1294786800 13
1294873200 22
1294959600 50
1295046000 51
1295132400 40
1295218800 27
1295305200 34
1295391600 28
1295478000 43
1295564400 42
1295650800 34
1295737200 29
1295823600 28
1295910000 26
1295996400 19
1296082800 16
1296169200 22
1296255600 32
1296342000 25
1296428400 13
1296514800 38
1296601200 59
1296687600 23
1296774000 48
1296860400 31
1296946800 9
1297033200 7
1297119600 35
1297206000 48
1297292400 31
1297378800 40
1297465200 67
1297551600 22
1297638000 17
1297724400 43
1297810800 51
1297897200 60
1297983600 48
1298070000 55
1298156400 33
1298242800 12
1298329200 32
1298415600 32
1298502000 35
1298588400 23
1298674800 36
1298761200 41
1298847600 15
1298934000 48
1299020400 28
1299106800 47
1299193200 38
1299279600 34
1299366000 27
1299452400 17
1299538800 57
1299625200 38
1299711600 29
1299798000 58
1299884400 66
1299970800 19
1300057200 18
1300143600 30
1300230000 37
1300316400 37
1300402800 41
1300489200 35
1300575600 47
1300662000 12
1300748400 17
1300834800 26
1300921200 17
1301007600 27
1301094000 42
1301180400 18
1301263200 28
1301349600 27
1301436000 14
1301522400 20
1301608800 28
1301695200 37
1301781600 32
1301868000 36
1301954400 33
1302040800 69
1302127200 48
1302213600 44
1302300000 48
1302386400 25
1302472800 38
1302559200 36
1302645600 64
1302732000 64
1302818400 48
1302904800 51
1302991200 39
1303077600 20
1303164000 39
1303250400 89
1303336800 33
1303423200 42
1303509600 39
1303596000 34
1303682400 33
1303768800 29
1303855200 46
1303941600 36
1304028000 34
1304114400 35
1304200800 29
1304287200 49
1304373600 41
1304460000 54
1304546400 37
1304632800 31
1304719200 42
1304805600 34
1304892000 20
1304978400 52
1305064800 67
1305151200 47
1305237600 55
1305324000 60
1305410400 25
1305496800 32
1305583200 58
1305669600 49
1305756000 69
1305842400 79
1305928800 39
1306015200 25
1306101600 36
1306188000 46
1306274400 71
1306360800 42
1306447200 31
1306533600 32
1306620000 47
1306706400 17
1306792800 33
1306879200 18
1306965600 38
1307052000 44
1307138400 54
1307224800 26
1307311200 33
1307397600 46
1307484000 32
1307570400 42
1307656800 60
1307743200 58
1307829600 48
1307916000 28
1308002400 43
1308088800 46
1308175200 71
1308261600 53
1308348000 46
1308434400 20
1308520800 21
1308607200 46
1308693600 46
1308780000 73
1308866400 40
1308952800 59
1309039200 55
1309125600 33
1309212000 44
1309298400 69
1309384800 70
1309471200 69
1309557600 47
1309644000 65
1309730400 36
1309816800 55
1309903200 20
1309989600 39
1310076000 43
1310162400 34
1310248800 39
1310335200 28
1310421600 23
1310508000 51
1310594400 46
1310680800 28
1310767200 37
1310853600 46
1310940000 24
1311026400 62
1311112800 50
1311199200 43
1311285600 38
1311372000 35
1311458400 28
1311544800 39
1311631200 45
1311717600 56
1311804000 36
1311890400 49
1311976800 55
1312063200 20
1312149600 33
1312236000 19
1312322400 33
1312408800 36
1312495200 48
1312581600 48
1312668000 48
1312754400 41
1312840800 52
1312927200 70
1313013600 56
1313100000 73
1313186400 47
1313272800 13
1313359200 60
1313445600 60
1313532000 39
1313618400 37
1313704800 45
1313791200 36
1313877600 16
1313964000 33
1314050400 44
1314136800 40
1314223200 38
1314309600 53
1314396000 19
1314482400 7
1314568800 22
1314655200 35
1314741600 57
1314828000 52
1314914400 44
1315000800 26
1315087200 22
1315173600 18
1315260000 27
1315346400 63
1315432800 42
1315519200 27
1315605600 25
1315692000 27
1315778400 9
1315864800 30
1315951200 42
1316037600 41
1316124000 59
1316210400 42
1316296800 31
1316383200 20
1316469600 40
1316556000 41
1316642400 46
1316728800 41
1316815200 37
1316901600 35
1316988000 29
1317074400 16
1317160800 38
1317247200 26
1317333600 34
1317420000 45
1317506400 27
1317592800 26
1317679200 24
1317765600 43
1317852000 49
1317938400 67
1318024800 49
1318111200 39
1318197600 32
1318284000 48
1318370400 27
1318456800 30
1318543200 40
1318629600 25
1318716000 32
1318802400 21
1318888800 27
1318975200 36
1319061600 29
1319148000 59
1319234400 24
1319320800 48
1319407200 66
1319493600 39
1319580000 66
1319666400 27
1319752800 15
1319839200 20
1319925600 30
1320015600 37
1320102000 30
1320188400 50
1320274800 49
1320361200 31
1320447600 68
1320534000 60
1320620400 42
1320706800 37
1320793200 68
1320879600 40
1320966000 31
1321052400 52
1321138800 41
1321225200 29
1321311600 31
1321398000 27
1321484400 44
1321570800 32
1321657200 19
1321743600 27
1321830000 31
1321916400 29
1322002800 42
1322089200 27
1322175600 52
1322262000 28
1322348400 22
1322434800 36
1322521200 28
1322607600 56
1322694000 56
1322780400 32
1322866800 31
1322953200 28
1323039600 25
1323126000 28
1323212400 42
1323298800 35
1323385200 61
1323471600 26
1323558000 25
1323644400 23
1323730800 37
1323817200 30
1323903600 35
1323990000 27
1324076400 18
1324162800 11
1324249200 9
1324335600 40
1324422000 35
1324508400 23
1324594800 24
1324681200 15
1324767600 4
1324854000 17
1324940400 42
1325026800 34
1325113200 48
1325199600 39
1325286000 16
