1293836400 18
1293922800 11
1294009200 21
1294095600 55
1294182000 52
1294268400 41
1294354800 23
1294441200 18
1294527600 13
1294614000 24
1294700400 34
1294786800 33
1294873200 36
1294959600 39
1295046000 16
1295132400 16
1295218800 20
1295305200 35
1295391600 40
1295478000 50
1295564400 30
1295650800 22
1295737200 16
1295823600 21
1295910000 27
1295996400 33
1296082800 24
1296169200 27
1296255600 40
1296342000 14
1296428400 25
1296514800 27
1296601200 39
1296687600 61
1296774000 58
1296860400 13
1296946800 8
1297033200 20
1297119600 50
1297206000 48
1297292400 54
1297378800 67
1297465200 42
1297551600 30
1297638000 8
1297724400 45
1297810800 41
1297897200 36
1297983600 18
1298070000 29
1298156400 17
1298242800 25
1298329200 32
1298415600 39
1298502000 36
1298588400 43
1298674800 38
1298761200 33
1298847600 31
1298934000 29
1299020400 24
1299106800 46
1299193200 45
1299279600 38
1299366000 8
1299452400 27
1299538800 24
1299625200 30
1299711600 36
1299798000 15
1299884400 31
1299970800 16
1300057200 20
1300143600 26
1300230000 39
1300316400 59
1300402800 29
1300489200 38
1300575600 11
1300662000 33
1300748400 35
1300834800 51
1300921200 57
1301007600 30
1301094000 32
1301180400 25
1301263200 28
1301349600 38
1301436000 59
1301522400 40
1301608800 30
1301695200 25
1301781600 18
1301868000 19
1301954400 49
1302040800 48
1302127200 77
1302213600 51
1302300000 37
1302386400 18
1302472800 21
1302559200 36
1302645600 75
1302732000 53
1302818400 41
1302904800 31
1302991200 31
1303077600 29
1303164000 27
1303250400 41
1303336800 45
1303423200 62
1303509600 31
1303596000 49
1303682400 47
1303768800 25
1303855200 38
1303941600 23
1304028000 36
1304114400 20
1304200800 7
1304287200 28
1304373600 33
1304460000 64
1304546400 53
1304632800 96
1304719200 23
1304805600 18
1304892000 31
1304978400 35
1305064800 40
1305151200 64
1305237600 56
1305324000 19
1305410400 13
1305496800 26
1305583200 36
1305669600 43
1305756000 54
1305842400 63
1305928800 21
1306015200 17
1306101600 21
1306188000 34
1306274400 41
1306360800 33
1306447200 34
1306533600 21
1306620000 10
1306706400 12
1306792800 31
1306879200 45
1306965600 39
1307052000 21
1307138400 26
1307224800 17
1307311200 23
1307397600 30
1307484000 36
1307570400 25
1307656800 14
1307743200 36
1307829600 30
1307916000 20
1308002400 30
1308088800 44
1308175200 38
1308261600 41
1308348000 17
1308434400 19
1308520800 19
1308607200 41
1308693600 38
1308780000 40
1308866400 31
1308952800 28
1309039200 20
1309125600 24
1309212000 35
1309298400 18
1309384800 20
1309471200 48
1309557600 38
1309644000 17
1309730400 18
1309816800 50
1309903200 45
1309989600 31
1310076000 27
1310162400 27
1310248800 8
1310335200 27
1310421600 20
1310508000 30
1310594400 39
1310680800 41
1310767200 26
1310853600 23
1310940000 15
1311026400 51
1311112800 21
1311199200 58
1311285600 49
1311372000 20
1311458400 16
1311544800 20
1311631200 27
1311717600 32
1311804000 27
1311890400 41
1311976800 43
1312063200 8
1312149600 11
1312236000 15
1312322400 37
1312408800 53
1312495200 32
1312581600 18
1312668000 19
1312754400 27
1312840800 13
1312927200 29
1313013600 23
1313100000 34
1313186400 30
1313272800 19
1313359200 21
1313445600 13
1313532000 36
1313618400 29
1313704800 27
1313791200 23
1313877600 9
1313964000 6
1314050400 21
1314136800 31
1314223200 24
1314309600 24
1314396000 7
1314482400 6
1314568800 14
1314655200 29
1314741600 30
1314828000 27
1314914400 22
1315000800 20
1315087200 12
1315173600 17
1315260000 15
1315346400 30
1315432800 28
1315519200 32
1315605600 18
1315692000 20
1315778400 29
1315864800 31
1315951200 27
1316037600 24
1316124000 18
1316210400 9
1316296800 11
1316383200 18
1316469600 17
1316556000 20
1316642400 25
1316728800 9
1316815200 15
1316901600 8
1316988000 24
1317074400 19
1317160800 36
1317247200 19
1317333600 26
1317420000 17
1317506400 7
1317592800 24
1317679200 29
1317765600 14
1317852000 30
1317938400 28
1318024800 13
1318111200 18
1318197600 17
1318284000 25
1318370400 21
1318456800 29
1318543200 26
1318629600 13
1318716000 14
1318802400 14
1318888800 25
1318975200 18
1319061600 20
1319148000 27
1319234400 9
1319320800 9
1319407200 22
1319493600 26
1319580000 32
1319666400 27
1319752800 21
1319839200 15
1319925600 16
1320015600 20
1320102000 32
1320188400 45
1320274800 29
1320361200 27
1320447600 17
1320534000 13
1320620400 18
1320706800 49
1320793200 25
1320879600 39
1320966000 36
1321052400 26
1321138800 15
1321225200 11
1321311600 21
1321398000 37
1321484400 16
1321570800 35
1321657200 19
1321743600 15
1321830000 17
1321916400 35
1322002800 18
1322089200 9
1322175600 52
1322262000 25
1322348400 21
1322434800 32
1322521200 29
1322607600 25
1322694000 35
1322780400 34
1322866800 19
1322953200 16
1323039600 16
1323126000 18
1323212400 57
1323298800 39
1323385200 45
1323471600 32
1323558000 18
1323644400 24
1323730800 50
1323817200 45
1323903600 47
1323990000 65
1324076400 18
1324162800 6
1324249200 14
1324335600 46
1324422000 57
1324508400 72
1324594800 33
1324681200 16
1324767600 4
1324854000 26
1324940400 51
1325026800 36
1325113200 27
1325199600 23
1325286000 12
