1356994800 27
1357081200 12
1357167600 22
1357254000 23
1357340400 33
1357426800 12
1357513200 25
1357599600 19
1357686000 19
1357772400 14
1357858800 12
1357945200 38
1358031600 10
1358118000 1
1358204400 15
1358290800 18
1358377200 7
1358463600 15
1358550000 21
1358636400 12
1358722800 8
1358809200 10
1358895600 13
1358982000 7
1359068400 12
1359154800 17
1359241200 20
1359327600 4
1359414000 18
1359500400 9
1359586800 22
1359673200 12
1359759600 12
1359846000 16
1359932400 11
1360018800 17
1360105200 22
1360191600 11
1360278000 8
1360364400 8
1360450800 12
1360537200 7
1360623600 14
1360710000 23
1360796400 27
1360882800 21
1360969200 12
1361055600 15
1361142000 7
1361228400 12
1361314800 20
1361401200 20
1361487600 13
1361574000 24
1361660400 15
1361746800 16
1361833200 9
1361919600 21
1362006000 27
1362092400 26
1362178800 21
1362265200 14
1362351600 7
1362438000 2
1362524400 9
1362610800 2
1362697200 5
1362783600 6
1362870000 7
1363042800 3
1363129200 5
1363215600 15
1363302000 12
1363388400 12
1363474800 6
1363561200 2
1363647600 11
1363734000 6
1363820400 6
1363906800 9
1363993200 20
1364079600 4
1364166000 3
1364252400 5
1364338800 2
1364425200 3
1364511600 10
1364598000 5
1364684400 5
1364767200 6
1364853600 2
1364940000 5
1365026400 4
1365112800 13
1365199200 21
1365285600 6
1365372000 3
1365458400 3
1365544800 11
1365631200 12
1365717600 27
1365804000 12
1365890400 23
1365976800 6
1366063200 14
1366149600 6
1366236000 11
1366322400 10
1366408800 10
1366495200 14
1366581600 5
1366668000 12
1366754400 13
1366840800 6
1366927200 12
1367013600 13
1367100000 6
1367186400 1
1367272800 15
1367359200 7
1367445600 7
1367532000 10
1367618400 11
1367704800 14
1367791200 6
1367877600 13
1367964000 7
1368050400 2
1368136800 11
1368223200 6
1368309600 5
1368396000 1
1368482400 5
1368568800 5
1368655200 7
1368741600 11
1368828000 9
1368914400 8
1369000800 4
1369087200 10
1369173600 7
1369260000 14
1369346400 2
1369432800 10
1369519200 15
1369605600 8
1369692000 6
1369778400 6
1369864800 4
1369951200 7
1370037600 4
1370124000 2
1370210400 2
1370296800 11
1370383200 6
1370469600 10
1370556000 8
1370642400 2
1370728800 4
1370901600 4
1370988000 10
1371074400 9
1371160800 2
1371247200 4
1371333600 4
1371420000 2
1371506400 4
1371592800 2
1371679200 4
1371765600 3
1371852000 4
1371938400 2
1372024800 1
1372111200 5
1372197600 6
1372284000 14
1372370400 14
1372456800 10
1372543200 4
1372629600 4
1372716000 1
1372802400 1
1372888800 2
1372975200 1
1373234400 1
1373320800 2
1373407200 3
1373580000 2
1373666400 6
1373752800 8
1373839200 4
1373925600 3
1374012000 1
1374098400 5
1374184800 1
1374271200 2
1374357600 3
1374616800 1
1374703200 9
1374789600 3
1374876000 3
1374962400 4
1375048800 1
1375135200 6
1375221600 3
1375308000 2
1375394400 5
1375480800 6
1375567200 2
1375653600 2
1375826400 3
1375912800 3
1375999200 6
1376085600 6
1376344800 2
1376431200 3
1376517600 2
1376604000 3
1376690400 3
1376863200 4
1377122400 2
1377208800 3
1377295200 4
1377381600 1
1377554400 1
1377640800 1
1377727200 3
1378504800 3
1378591200 3
1379023200 3
1379109600 1
1379282400 1
1379973600 1
1380060000 3
1380664800 4
1380751200 3
1381010400 1
1381183200 1
1381269600 1
1381356000 5
1381528800 1
1381701600 1
1382047200 2
1382133600 3
1382479200 4
1382565600 1
1382652000 3
1382738400 2
1382914800 1
1383087600 1
1383346800 1
1383692400 1
1383778800 1
1383865200 6
1383951600 2
1384038000 2
1384210800 2
1384383600 1
1384556400 1
1384642800 3
1384815600 3
1384988400 3
1385161200 1
1385247600 1
1385766000 2
1386025200 1
1386284400 1
1386543600 1
1386716400 1
1386802800 1
1387148400 5
1387234800 5
1387494000 3
1387666800 1
1387753200 3
1387839600 5
1388444400 1
