1325372400 118
1325458800 74
1325545200 74
1325631600 66
1325718000 118
1325804400 120
1325890800 132
1325977200 52
1326063600 91
1326150000 79
1326236400 96
1326322800 115
1326409200 100
1326495600 74
1326582000 68
1326668400 59
1326754800 76
1326841200 82
1326927600 124
1327014000 103
1327100400 66
1327186800 69
1327273200 69
1327359600 85
1327446000 92
1327532400 82
1327618800 128
1327705200 129
1327791600 72
1327878000 89
1327964400 122
1328050800 100
1328137200 97
1328223600 127
1328310000 81
1328396400 27
1328482800 76
1328569200 88
1328655600 111
1328742000 98
1328828400 115
1328914800 103
1329001200 53
1329087600 74
1329174000 95
1329260400 134
1329346800 101
1329433200 133
1329519600 109
1329606000 83
1329692400 86
1329778800 114
1329865200 107
1329951600 85
1330038000 99
1330124400 100
1330210800 58
1330297200 63
1330383600 104
1330470000 87
1330556400 77
1330642800 137
1330729200 107
1330815600 50
1330902000 74
1330988400 93
1331074800 121
1331161200 163
1331247600 108
1331334000 92
1331420400 86
1331506800 94
1331593200 110
1331679600 118
1331766000 101
1331852400 93
1331938800 100
1332025200 63
1332111600 40
1332198000 79
1332284400 91
1332370800 89
1332457200 73
1332543600 96
1332630000 51
1332712800 75
1332799200 85
1332885600 53
1332972000 73
1333058400 65
1333144800 61
1333231200 68
1333317600 46
1333404000 71
1333490400 91
1333576800 87
1333663200 65
1333749600 101
1333836000 77
1333922400 47
1334008800 96
1334095200 89
1334181600 86
1334268000 36
1334354400 46
1334440800 46
1334527200 44
1334613600 65
1334700000 94
1334786400 91
1334872800 148
1334959200 113
1335045600 64
1335132000 55
1335218400 59
1335304800 94
1335391200 34
1335477600 60
1335564000 71
1335650400 55
1335736800 40
1335823200 37
1335909600 56
1335996000 67
1336082400 41
1336168800 73
1336255200 40
1336341600 32
1336428000 25
1336514400 46
1336600800 54
1336687200 42
1336773600 69
1336860000 56
1336946400 58
1337032800 51
1337119200 87
1337205600 39
1337292000 33
1337378400 61
1337464800 56
1337551200 40
1337637600 34
1337724000 53
1337810400 23
1337896800 50
1337983200 26
1338069600 27
1338156000 30
1338242400 38
1338328800 46
1338415200 49
1338501600 53
1338588000 26
1338674400 24
1338760800 25
1338847200 24
1338933600 46
1339020000 20
1339106400 41
1339192800 27
1339279200 26
1339365600 12
1339452000 16
1339538400 33
1339624800 32
1339711200 26
1339797600 39
1339884000 38
1339970400 30
1340056800 38
1340143200 39
1340229600 24
1340316000 29
1340402400 42
1340488800 25
1340575200 12
1340661600 23
1340748000 27
1340834400 15
1340920800 25
1341007200 23
1341093600 17
1341180000 20
1341266400 33
1341352800 24
1341439200 18
1341525600 17
1341612000 22
1341698400 27
1341784800 27
1341871200 33
1341957600 16
1342044000 25
1342130400 22
1342216800 29
1342303200 28
1342389600 26
1342476000 18
1342562400 27
1342648800 39
1342735200 52
1342821600 45
1342908000 25
1342994400 23
1343080800 26
1343167200 33
1343253600 42
1343340000 44
1343426400 50
1343512800 36
1343599200 30
1343685600 30
1343772000 33
1343858400 39
1343944800 57
1344031200 33
1344117600 23
1344204000 42
1344290400 22
1344376800 33
1344463200 8
1344549600 17
1344636000 22
1344722400 47
1344808800 28
1344895200 36
1344981600 36
1345068000 32
1345154400 30
1345240800 33
1345327200 22
1345413600 19
1345500000 31
1345586400 27
1345672800 31
1345759200 42
1345845600 38
1345932000 39
1346018400 32
1346104800 36
1346191200 21
1346277600 25
1346364000 21
1346450400 27
1346536800 30
1346623200 51
1346709600 21
1346796000 33
1346882400 31
1346968800 23
1347055200 40
1347141600 50
1347228000 44
1347314400 34
1347400800 23
1347487200 29
1347573600 27
1347660000 30
1347746400 33
1347832800 44
1347919200 32
1348005600 49
1348092000 50
1348178400 35
1348264800 31
1348351200 40
1348437600 33
1348524000 42
1348610400 23
1348696800 28
1348783200 49
1348869600 44
1348956000 45
1349042400 18
1349128800 39
1349215200 62
1349301600 46
1349388000 47
1349474400 24
1349560800 35
1349647200 18
1349733600 31
1349820000 37
1349906400 24
1349992800 26
1350079200 38
1350165600 23
1350252000 39
1350338400 22
1350424800 46
1350511200 40
1350597600 29
1350684000 54
1350770400 47
1350856800 16
1350943200 37
1351029600 29
1351116000 34
1351202400 32
1351288800 45
1351375200 23
1351465200 11
1351551600 25
1351638000 49
1351724400 26
1351810800 18
1351897200 26
1351983600 32
1352070000 27
1352156400 37
1352242800 33
1352329200 32
1352415600 38
1352502000 16
1352588400 20
1352674800 30
1352761200 29
1352847600 15
1352934000 15
1353020400 16
1353106800 35
1353193200 47
1353279600 26
1353366000 33
1353452400 28
1353538800 17
1353625200 20
1353711600 41
1353798000 27
1353884400 17
1353970800 20
1354057200 53
1354143600 31
1354230000 39
1354316400 30
1354402800 30
1354489200 17
1354575600 32
1354662000 27
1354748400 20
1354834800 36
1354921200 27
1355007600 11
1355094000 14
1355180400 25
1355266800 25
1355353200 34
1355439600 32
1355526000 31
1355612400 21
1355698800 31
1355785200 33
1355871600 29
1355958000 12
1356044400 16
1356130800 20
1356217200 25
1356303600 12
1356390000 17
1356476400 15
1356562800 32
1356649200 30
1356735600 31
1356822000 16
1356908400 12
