1136156400 181
1136242800 195
1136329200 222
1136415600 325
1136502000 376
1136588400 418
1136674800 299
1136761200 285
1136847600 225
1136934000 311
1137020400 402
1137106800 392
1137193200 442
1137279600 303
1137366000 150
1137452400 188
1137538800 279
1137625200 312
1137711600 405
1137798000 444
1137884400 262
1137970800 257
1138057200 280
1138143600 355
1138230000 447
1138316400 409
1138402800 393
1138489200 398
1138575600 226
1138662000 330
1138748400 278
1138834800 463
1138921200 456
1139007600 453
1139094000 326
1139180400 240
1139266800 341
1139353200 374
1139439600 472
1139526000 384
1139612400 466
1139698800 286
1139785200 73
1139871600 181
1139958000 311
1140044400 477
1140130800 459
1140217200 434
1140303600 325
1140390000 245
1140476400 316
1140562800 413
1140649200 436
1140735600 411
1140822000 303
1140908400 332
1140994800 189
1141081200 267
1141167600 419
1141254000 394
1141340400 330
1141426800 339
1141513200 248
1141599600 174
1141686000 322
1141772400 439
1141858800 430
1141945200 449
1142031600 380
1142118000 365
1142204400 185
1142290800 369
1142377200 396
1142463600 452
1142550000 380
1142636400 341
1142722800 235
1142809200 174
1142895600 300
1142982000 416
1143068400 500
1143154800 405
1143241200 478
1143327600 302
1143410400 262
1143496800 312
1143583200 440
1143669600 467
1143756000 406
1143842400 447
1143928800 236
1144015200 167
1144101600 231
1144188000 420
1144274400 438
1144360800 457
1144447200 389
1144533600 249
1144620000 183
1144706400 242
1144792800 411
1144879200 555
1144965600 404
1145052000 353
1145138400 242
1145224800 173
1145311200 257
1145397600 377
1145484000 383
1145570400 394
1145656800 370
1145743200 177
1145829600 152
1145916000 244
1146002400 387
1146088800 523
1146175200 462
1146261600 417
1146348000 243
1146434400 187
1146520800 310
1146607200 424
1146693600 457
1146780000 466
1146866400 479
1146952800 323
1147039200 200
1147125600 374
1147212000 366
1147298400 457
1147384800 441
1147471200 485
1147557600 309
1147644000 174
1147730400 294
1147816800 391
1147903200 455
1147989600 373
1148076000 360
1148162400 186
1148248800 161
1148335200 295
1148421600 428
1148508000 465
1148594400 382
1148680800 383
1148767200 293
1148853600 166
1148940000 192
1149026400 336
1149112800 446
1149199200 365
1149285600 289
1149372000 244
1149458400 215
1149544800 403
1149631200 546
1149717600 435
1149804000 356
1149890400 436
1149976800 368
1150063200 304
1150149600 370
1150236000 480
1150322400 556
1150408800 455
1150495200 400
1150581600 301
1150668000 292
1150754400 356
1150840800 371
1150927200 367
1151013600 407
1151100000 423
1151186400 305
1151272800 288
1151359200 303
1151445600 433
1151532000 353
1151618400 336
1151704800 351
1151791200 265
1151877600 173
1151964000 239
1152050400 233
1152136800 335
1152223200 390
1152309600 402
1152396000 240
1152482400 165
1152568800 230
1152655200 379
1152741600 373
1152828000 355
1152914400 399
1153000800 287
1153087200 231
1153173600 232
1153260000 296
1153346400 319
1153432800 337
1153519200 288
1153605600 228
1153692000 184
1153778400 271
1153864800 361
1153951200 404
1154037600 418
1154124000 359
1154210400 243
1154296800 232
1154383200 226
1154469600 276
1154556000 342
1154642400 365
1154728800 334
1154815200 258
1154901600 232
1154988000 268
1155074400 381
1155160800 433
1155247200 325
1155333600 416
1155420000 303
1155506400 166
1155592800 314
1155679200 414
1155765600 429
1155852000 384
1155938400 412
1156024800 301
1156111200 163
1156197600 275
1156284000 313
1156370400 410
1156456800 345
1156543200 301
1156629600 238
1156716000 138
1156802400 275
1156888800 323
1156975200 370
1157061600 379
1157148000 282
1157234400 164
1157320800 186
1157407200 252
1157493600 304
1157580000 404
1157666400 375
1157752800 395
1157839200 267
1157925600 179
1158012000 211
1158098400 310
1158184800 417
1158271200 394
1158357600 269
1158444000 300
1158530400 205
1158616800 267
1158703200 310
1158789600 338
1158876000 372
1158962400 284
1159048800 231
1159135200 215
1159221600 260
1159308000 348
1159394400 390
1159480800 406
1159567200 337
1159653600 345
1159740000 167
1159826400 241
1159912800 283
1159999200 384
1160085600 278
1160172000 466
1160258400 222
1160344800 198
1160431200 285
1160517600 348
1160604000 271
1160690400 317
1160776800 413
1160863200 280
1160949600 210
1161036000 350
1161122400 271
1161208800 342
1161295200 359
1161381600 381
1161468000 269
1161554400 213
1161640800 254
1161727200 347
1161813600 415
1161900000 398
1161986400 334
1162072800 255
1162162800 186
1162249200 230
1162335600 377
1162422000 306
1162508400 339
1162594800 316
1162681200 287
1162767600 199
1162854000 203
1162940400 291
1163026800 326
1163113200 392
1163199600 350
1163286000 228
1163372400 189
1163458800 182
1163545200 282
1163631600 356
1163718000 280
1163804400 269
1163890800 217
1163977200 164
1164063600 213
1164150000 271
1164236400 277
1164322800 102
1164409200 245
1164495600 222
1164582000 155
1164668400 222
1164754800 305
1164841200 311
1164927600 272
1165014000 202
1165100400 158
1165186800 142
1165273200 182
1165359600 289
1165446000 322
1165532400 303
1165618800 213
1165705200 251
1165791600 227
1165878000 203
1165964400 323
1166050800 272
1166137200 304
1166223600 273
1166310000 214
1166396400 157
1166482800 203
1166569200 261
1166655600 265
1166742000 266
1166828400 188
1166914800 165
1167001200 110
1167087600 36
1167174000 212
1167260400 342
1167346800 289
1167433200 292
1167519600 214
