1167692400 27
1167778800 49
1167865200 52
1167951600 75
1168038000 86
1168124400 47
1168210800 63
1168297200 56
1168383600 56
1168470000 53
1168556400 78
1168642800 72
1168729200 65
1168815600 80
1168902000 45
1168988400 60
1169074800 43
1169161200 59
1169247600 56
1169334000 45
1169420400 33
1169506800 40
1169593200 52
1169679600 23
1169766000 71
1169852400 33
1169938800 81
1170025200 58
1170111600 26
1170198000 43
1170284400 30
1170370800 69
1170457200 59
1170543600 38
1170630000 41
1170716400 21
1170802800 50
1170889200 48
1170975600 75
1171062000 79
1171148400 71
1171234800 62
1171321200 52
1171407600 75
1171494000 33
1171580400 67
1171666800 107
1171753200 102
1171839600 66
1171926000 61
1172012400 55
1172098800 50
1172185200 102
1172271600 112
1172358000 90
1172444400 72
1172530800 51
1172617200 68
1172703600 62
1172790000 101
1172876400 119
1172962800 82
1173049200 69
1173135600 41
1173222000 49
1173308400 41
1173394800 65
1173481200 95
1173567600 80
1173654000 64
1173740400 28
1173826800 62
1173913200 76
1173999600 47
1174086000 37
1174172400 40
1174258800 50
1174345200 35
1174431600 28
1174518000 34
1174604400 64
1174690800 110
1174777200 53
1174860000 54
1174946400 44
1175032800 47
1175119200 39
1175205600 101
1175292000 60
1175378400 58
1175464800 49
1175551200 39
1175637600 62
1175724000 64
1175810400 74
1175896800 90
1175983200 58
1176069600 48
1176156000 48
1176242400 41
1176328800 42
1176415200 61
1176501600 54
1176588000 71
1176674400 32
1176760800 33
1176847200 41
1176933600 48
1177020000 40
1177106400 90
1177192800 41
1177279200 32
1177365600 53
1177452000 42
1177538400 49
1177624800 58
1177711200 111
1177797600 65
1177884000 56
1177970400 45
1178056800 36
1178143200 57
1178229600 91
1178316000 76
1178402400 34
1178488800 33
1178575200 33
1178661600 37
1178748000 45
1178834400 57
1178920800 80
1179007200 50
1179093600 39
1179180000 31
1179266400 35
1179352800 30
1179439200 101
1179525600 88
1179612000 65
1179698400 53
1179784800 43
1179871200 30
1179957600 62
1180044000 58
1180130400 76
1180216800 53
1180303200 39
1180389600 30
1180476000 50
1180562400 41
1180648800 51
1180735200 89
1180821600 89
1180908000 31
1180994400 30
1181080800 32
1181167200 41
1181253600 37
1181340000 46
1181426400 56
1181512800 46
1181599200 38
1181685600 65
1181772000 61
1181858400 91
1181944800 70
1182031200 49
1182117600 59
1182204000 32
1182290400 27
1182376800 63
1182463200 76
1182549600 69
1182636000 41
1182722400 40
1182808800 22
1182895200 45
1182981600 44
1183068000 42
1183154400 64
1183240800 55
1183327200 29
1183413600 25
1183500000 35
1183586400 29
1183672800 33
1183759200 63
1183845600 65
1183932000 57
1184018400 35
1184104800 40
1184191200 81
1184277600 72
1184364000 60
1184450400 62
1184536800 58
1184623200 45
1184709600 87
1184796000 39
1184882400 56
1184968800 46
1185055200 46
1185141600 37
1185228000 22
1185314400 69
1185400800 74
1185487200 52
1185573600 93
1185660000 67
1185746400 66
1185832800 33
1185919200 54
1186005600 81
1186092000 78
1186178400 50
1186264800 53
1186351200 60
1186437600 27
1186524000 59
1186610400 36
1186696800 66
1186783200 92
1186869600 59
1186956000 60
1187042400 56
1187128800 43
1187215200 87
1187301600 43
1187388000 67
1187474400 46
1187560800 36
1187647200 52
1187733600 46
1187820000 64
1187906400 49
1187992800 51
1188079200 34
1188165600 36
1188252000 67
1188338400 48
1188424800 71
1188511200 109
1188597600 77
1188684000 66
1188770400 67
1188856800 10
1188943200 34
1189029600 51
1189116000 51
1189202400 50
1189288800 66
1189375200 68
1189461600 42
1189548000 55
1189634400 101
1189720800 68
1189807200 88
1189893600 60
1189980000 56
1190066400 50
1190152800 55
1190239200 43
1190325600 57
1190412000 72
1190498400 69
1190584800 34
1190671200 40
1190757600 58
1190844000 78
1190930400 89
1191016800 108
1191103200 83
1191189600 52
1191276000 41
1191362400 72
1191448800 82
1191535200 51
1191621600 125
1191708000 68
1191794400 38
1191880800 47
1191967200 53
1192053600 65
1192140000 76
1192226400 69
1192312800 50
1192399200 55
1192485600 45
1192572000 51
1192658400 89
1192744800 59
1192831200 71
1192917600 65
1193004000 42
1193090400 30
1193176800 73
1193263200 64
1193349600 63
1193436000 49
1193522400 62
1193612400 25
1193698800 39
1193785200 87
1193871600 77
1193958000 53
1194044400 75
1194130800 35
1194217200 28
1194303600 26
1194390000 48
1194476400 44
1194562800 66
1194649200 81
1194735600 39
1194822000 32
1194908400 18
1194994800 75
1195081200 81
1195167600 97
1195254000 82
1195340400 76
1195426800 62
1195513200 36
1195599600 110
1195686000 116
1195772400 41
1195858800 55
1195945200 55
1196031600 61
1196118000 16
1196204400 90
1196290800 74
1196377200 98
1196463600 107
1196550000 46
1196636400 22
1196722800 27
1196809200 86
1196895600 59
1196982000 58
1197068400 108
1197154800 57
1197241200 28
1197327600 23
1197414000 57
1197500400 58
1197586800 46
1197673200 48
1197759600 38
1197846000 31
1197932400 23
1198018800 53
1198105200 87
1198191600 67
1198278000 73
1198364400 66
1198450800 30
1198537200 10
1198623600 4
1198710000 54
1198796400 80
1198882800 74
1198969200 53
1199055600 26
