1167692400 2
1167778800 2
1167865200 2
1167951600 2
1168038000 3
1168124400 1
1168297200 2
1168383600 4
1168470000 5
1168556400 3
1168642800 5
1168729200 1
1168815600 2
1168902000 4
1168988400 9
1169074800 4
1169161200 5
1169247600 1
1169420400 4
1169506800 4
1169593200 4
1169766000 4
1169852400 7
1169938800 4
1170025200 7
1170198000 5
1170370800 3
1170457200 3
1170543600 2
1170716400 3
1170802800 2
1170889200 2
1170975600 3
1171062000 8
1171234800 1
1171321200 3
1171407600 1
1171494000 1
1171666800 4
1171753200 7
1171839600 6
1171926000 1
1172012400 1
1172098800 4
1172185200 5
1172271600 5
1172358000 3
1172444400 1
1172530800 1
1172617200 2
1172703600 1
1172790000 4
1172876400 9
1172962800 3
1173049200 3
1173135600 2
1173222000 2
1173308400 2
1173394800 2
1173481200 3
1173567600 2
1173654000 3
1173913200 5
1174086000 1
1174172400 2
1174258800 4
1174431600 1
1174518000 1
1174604400 3
1174777200 2
1174860000 4
1174946400 5
1175032800 5
1175119200 2
1175205600 5
1175292000 1
1175378400 8
1175464800 2
1175637600 11
1175724000 5
1175810400 3
1175896800 1
1175983200 4
1176069600 2
1176156000 2
1176242400 4
1176328800 5
1176415200 1
1176501600 6
1176588000 1
1176760800 4
1176847200 2
1176933600 5
1177020000 7
1177106400 1
1177192800 5
1177279200 1
1177452000 1
1177538400 8
1177624800 7
1177711200 4
1177797600 6
1177970400 2
1178056800 3
1178143200 9
1178229600 2
1178316000 1
1178402400 3
1178488800 1
1178575200 1
1178661600 1
1178748000 4
1178834400 2
1178920800 3
1179007200 3
1179093600 4
1179180000 2
1179266400 3
1179352800 3
1179439200 2
1179525600 3
1179612000 2
1179784800 1
1179871200 2
1179957600 3
1180044000 5
1180130400 1
1180303200 1
1180389600 2
1180476000 7
1180648800 2
1180735200 1
1180908000 1
1181080800 1
1181167200 4
1181340000 1
1181426400 2
1181685600 2
1181858400 5
1181944800 3
1182031200 4
1182117600 1
1182204000 5
1182290400 2
1182376800 2
1182463200 3
1182549600 1
1182636000 5
1182722400 1
1182895200 3
1182981600 1
1183068000 4
1183154400 4
1183240800 1
1183327200 4
1183413600 4
1183500000 3
1183672800 4
1183759200 3
1183845600 3
1183932000 2
1184104800 4
1184191200 5
1184277600 6
1184364000 1
1184450400 3
1184536800 1
1184623200 3
1184709600 6
1184796000 2
1184882400 1
1184968800 1
1185055200 2
1185141600 1
1185228000 3
1185314400 2
1185400800 1
1185573600 3
1185660000 2
1185746400 1
1185832800 4
1185919200 8
1186005600 5
1186092000 4
1186178400 1
1186351200 1
1186437600 2
1186524000 2
1186610400 3
1186696800 3
1186783200 1
1186869600 4
1187042400 6
1187128800 2
1187215200 7
1187388000 5
1187474400 5
1187560800 1
1187647200 1
1187733600 1
1187906400 3
1187992800 6
1188079200 3
1188252000 2
1188338400 5
1188424800 1
1188511200 4
1188597600 1
1188684000 3
1188770400 3
1188943200 2
1189116000 4
1189202400 4
1189288800 1
1189375200 5
1189461600 2
1189548000 8
1189634400 5
1189720800 5
1189807200 2
1189893600 4
1189980000 5
1190066400 2
1190152800 5
1190325600 2
1190412000 9
1190498400 6
1190584800 1
1190757600 5
1190844000 2
1190930400 2
1191016800 6
1191189600 5
1191276000 3
1191362400 4
1191448800 3
1191535200 6
1191621600 5
1191708000 5
1191794400 2
1191880800 8
1191967200 1
1192053600 5
1192140000 5
1192226400 1
1192312800 1
1192399200 4
1192485600 7
1192572000 10
1192658400 5
1192744800 3
1192831200 6
1192917600 10
1193004000 1
1193090400 1
1193176800 2
1193263200 1
1193349600 4
1193436000 3
1193612400 2
1193785200 7
1193871600 8
1193958000 1
1194044400 1
1194130800 1
1194217200 2
1194390000 4
1194476400 4
1194562800 1
1194649200 1
1194735600 3
1194994800 4
1195081200 5
1195167600 6
1195340400 3
1195426800 1
1195513200 1
1195599600 5
1195686000 7
1195772400 1
1195858800 1
1195945200 2
1196204400 3
1196290800 2
1196377200 2
1196463600 1
1196550000 1
1196722800 2
1196809200 3
1196895600 2
1197068400 7
1197154800 2
1197414000 2
1197500400 2
1197586800 3
1197673200 2
1197759600 2
1197932400 2
1198105200 5
1198191600 2
1198278000 2
1198364400 3
1198710000 3
1198796400 2
1198969200 1
1199055600 1
