1357081200 162
1357167600 176
1357254000 198
1357340400 256
1357426800 223
1357513200 182
1357599600 96
1357686000 215
1357772400 244
1357858800 203
1357945200 189
1358031600 240
1358118000 173
1358204400 143
1358290800 154
1358377200 208
1358463600 249
1358550000 243
1358636400 267
1358722800 197
1358809200 138
1358895600 162
1358982000 211
1359068400 198
1359154800 210
1359241200 286
1359327600 160
1359414000 115
1359500400 192
1359586800 261
1359673200 191
1359759600 221
1359846000 214
1359932400 139
1360018800 119
1360105200 170
1360191600 230
1360278000 226
1360364400 156
1360450800 155
1360537200 142
1360623600 107
1360710000 224
1360796400 245
1360882800 206
1360969200 274
1361055600 214
1361142000 152
1361228400 123
1361314800 187
1361401200 245
1361487600 213
1361574000 254
1361660400 244
1361746800 153
1361833200 115
1361919600 229
1362006000 228
1362092400 264
1362178800 247
1362265200 293
1362351600 177
1362438000 117
1362524400 216
1362610800 207
1362697200 182
1362783600 208
1362870000 253
1362956400 170
1363042800 110
1363129200 122
1363215600 122
1363302000 161
1363388400 134
1363474800 85
1363561200 66
1363647600 43
1363734000 79
1363820400 90
1363906800 112
1363993200 93
1364079600 82
1364166000 74
1364252400 33
1364338800 89
1364425200 104
1364511600 109
1364598000 66
1364684400 62
1364767200 50
1364853600 35
1364940000 55
1365026400 78
1365112800 66
1365199200 67
1365285600 72
1365372000 30
1365458400 63
1365544800 86
1365631200 105
1365717600 85
1365804000 104
1365890400 106
1365976800 77
1366063200 42
1366149600 62
1366236000 94
1366322400 93
1366408800 99
1366495200 69
1366581600 66
1366668000 34
1366754400 69
1366840800 93
1366927200 105
1367013600 77
1367100000 84
1367186400 42
1367272800 43
1367359200 90
1367445600 66
1367532000 77
1367618400 82
1367704800 64
1367791200 60
1367877600 36
1367964000 77
1368050400 74
1368136800 92
1368223200 75
1368309600 81
1368396000 51
1368482400 41
1368568800 86
1368655200 45
1368741600 110
1368828000 100
1368914400 65
1369000800 47
1369087200 41
1369173600 48
1369260000 95
1369346400 61
1369432800 60
1369519200 107
1369605600 36
1369692000 49
1369778400 62
1369864800 86
1369951200 70
1370037600 73
1370124000 61
1370210400 35
1370296800 21
1370383200 79
1370469600 77
1370556000 73
1370642400 45
1370728800 76
1370815200 80
1370901600 45
1370988000 59
1371074400 55
1371160800 71
1371247200 73
1371333600 83
1371420000 33
1371506400 37
1371592800 46
1371679200 73
1371765600 60
1371852000 57
1371938400 75
1372024800 40
1372111200 30
1372197600 35
1372284000 71
1372370400 36
1372456800 51
1372543200 41
1372629600 50
1372716000 21
1372802400 40
1372888800 37
1372975200 29
1373061600 43
1373148000 33
1373234400 20
1373320800 24
1373407200 33
1373493600 34
1373580000 41
1373666400 45
1373752800 35
1373839200 14
1373925600 19
1374012000 22
1374098400 26
1374184800 44
1374271200 16
1374357600 42
1374444000 24
1374530400 23
1374616800 15
1374703200 51
1374789600 41
1374876000 21
1374962400 33
1375048800 17
1375135200 30
1375221600 29
1375308000 25
1375394400 25
1375480800 30
1375567200 47
1375653600 26
1375740000 14
1375826400 30
1375912800 24
1375999200 37
1376085600 42
1376172000 21
1376258400 31
1376344800 12
1376431200 19
1376517600 14
1376604000 13
1376690400 23
1376776800 8
1376863200 16
1376949600 6
1377036000 3
1377122400 28
1377208800 21
1377295200 27
1377381600 13
1377468000 14
1377554400 10
1377640800 18
1377727200 24
1377813600 13
1377900000 13
1377986400 19
1378072800 8
1378159200 11
1378245600 14
1378332000 14
1378418400 14
1378504800 5
1378591200 9
1378677600 13
1378764000 10
1378850400 6
1378936800 14
1379023200 16
1379109600 13
1379196000 16
1379282400 12
1379368800 9
1379455200 12
1379541600 20
1379628000 17
1379714400 27
1379800800 31
1379887200 33
1379973600 6
1380060000 9
1380146400 35
1380232800 13
1380319200 22
1380405600 29
1380492000 12
1380578400 13
1380664800 27
1380751200 31
1380837600 16
1380924000 5
1381010400 21
1381096800 12
1381183200 16
1381269600 30
1381356000 25
1381442400 18
1381528800 22
1381615200 27
1381701600 17
1381788000 14
1381874400 13
1381960800 17
1382047200 25
1382133600 20
1382220000 31
1382306400 10
1382392800 9
1382479200 16
1382565600 15
1382652000 21
1382738400 14
1382824800 20
1382914800 7
1383001200 12
1383087600 13
1383174000 20
1383260400 16
1383346800 14
1383433200 16
1383519600 12
1383606000 15
1383692400 19
1383778800 13
1383865200 19
1383951600 26
1384038000 15
1384124400 12
1384210800 22
1384297200 26
1384383600 24
1384470000 20
1384556400 27
1384642800 15
1384729200 22
1384815600 4
1384902000 19
1384988400 29
1385074800 33
1385161200 18
1385247600 26
1385334000 7
1385420400 13
1385506800 21
1385593200 16
1385679600 14
1385766000 20
1385852400 29
1385938800 9
1386025200 18
1386111600 20
1386198000 36
1386284400 23
1386370800 16
1386457200 31
1386543600 15
1386630000 8
1386716400 20
1386802800 29
1386889200 30
1386975600 13
1387062000 14
1387148400 13
1387234800 7
1387321200 14
1387407600 15
1387494000 21
1387580400 24
1387666800 25
1387753200 14
1387839600 9
1387926000 13
1388012400 3
1388098800 31
1388185200 32
1388271600 28
1388358000 17
1388444400 8
