1357081200 12
1357167600 13
1357254000 10
1357340400 16
1357426800 6
1357513200 13
1357599600 5
1357686000 27
1357772400 29
1357858800 12
1357945200 17
1358031600 18
1358118000 11
1358204400 10
1358290800 5
1358377200 12
1358463600 12
1358550000 20
1358636400 17
1358722800 12
1358809200 7
1358895600 8
1358982000 23
1359068400 14
1359154800 10
1359241200 22
1359327600 6
1359414000 9
1359500400 15
1359586800 27
1359673200 13
1359759600 14
1359846000 22
1359932400 5
1360018800 9
1360105200 21
1360191600 16
1360278000 31
1360364400 7
1360450800 19
1360537200 5
1360623600 4
1360710000 25
1360796400 34
1360882800 17
1360969200 16
1361055600 15
1361142000 13
1361228400 6
1361314800 13
1361401200 22
1361487600 16
1361574000 19
1361660400 18
1361746800 15
1361833200 10
1361919600 21
1362006000 23
1362092400 16
1362178800 17
1362265200 22
1362351600 5
1362438000 10
1362524400 15
1362610800 13
1362697200 10
1362783600 17
1362870000 21
1362956400 10
1363042800 3
1363129200 14
1363215600 15
1363302000 14
1363388400 3
1363474800 13
1363561200 5
1363647600 3
1363734000 19
1363820400 12
1363906800 7
1363993200 11
1364079600 7
1364166000 2
1364252400 6
1364338800 19
1364425200 9
1364511600 9
1364598000 3
1364684400 10
1364767200 3
1364853600 7
1364940000 14
1365026400 16
1365112800 13
1365199200 12
1365285600 15
1365372000 8
1365458400 5
1365544800 15
1365631200 15
1365717600 17
1365804000 12
1365890400 13
1365976800 7
1366063200 4
1366149600 10
1366236000 6
1366322400 12
1366408800 21
1366495200 8
1366581600 12
1366668000 4
1366754400 3
1366840800 7
1366927200 10
1367013600 10
1367100000 5
1367186400 8
1367272800 6
1367359200 14
1367445600 9
1367532000 10
1367618400 6
1367704800 9
1367791200 5
1367877600 2
1367964000 11
1368050400 9
1368136800 15
1368223200 9
1368309600 9
1368396000 5
1368482400 2
1368568800 8
1368655200 3
1368741600 7
1368828000 8
1368914400 2
1369000800 2
1369087200 3
1369173600 7
1369260000 10
1369346400 11
1369432800 7
1369519200 11
1369605600 2
1369692000 3
1369778400 8
1369864800 8
1369951200 7
1370037600 4
1370124000 7
1370210400 2
1370296800 3
1370383200 15
1370469600 14
1370556000 9
1370642400 1
1370728800 7
1370815200 5
1370901600 4
1370988000 7
1371074400 4
1371160800 3
1371247200 7
1371333600 7
1371420000 1
1371506400 3
1371592800 3
1371679200 4
1371765600 3
1371852000 6
1371938400 5
1372024800 5
1372111200 3
1372197600 5
1372284000 9
1372370400 6
1372456800 3
1372543200 5
1372629600 7
1372716000 3
1372802400 6
1372888800 1
1372975200 4
1373061600 5
1373148000 2
1373234400 4
1373320800 3
1373407200 7
1373493600 6
1373580000 6
1373666400 4
1373752800 3
1373839200 2
1373925600 1
1374012000 2
1374098400 2
1374184800 8
1374271200 3
1374357600 2
1374444000 3
1374530400 3
1374616800 2
1374703200 9
1374789600 2
1374876000 1
1374962400 2
1375135200 5
1375221600 3
1375394400 4
1375480800 11
1375567200 8
1375653600 4
1375740000 1
1375826400 4
1375912800 3
1375999200 5
1376085600 6
1376172000 1
1376258400 7
1376431200 2
1376517600 7
1376604000 1
1376690400 3
1376776800 1
1376949600 1
1377036000 1
1377122400 4
1377208800 2
1377295200 6
1377381600 3
1377468000 3
1377554400 2
1377640800 1
1377727200 1
1377813600 2
1377900000 2
1377986400 3
1378072800 2
1378159200 1
1378245600 2
1378332000 5
1378418400 4
1378504800 1
1378591200 3
1378677600 3
1378764000 2
1378850400 1
1378936800 5
1379109600 1
1379196000 3
1379282400 1
1379455200 1
1379541600 4
1379628000 6
1379714400 4
1379800800 6
1379887200 4
1379973600 3
1380060000 1
1380146400 6
1380232800 1
1380319200 5
1380405600 8
1380492000 5
1380578400 4
1380664800 9
1380751200 5
1380837600 4
1380924000 2
1381010400 11
1381096800 2
1381183200 4
1381269600 13
1381356000 10
1381442400 6
1381528800 3
1381615200 6
1381701600 3
1381788000 3
1381874400 3
1381960800 5
1382047200 5
1382133600 2
1382220000 6
1382306400 5
1382392800 2
1382479200 5
1382565600 5
1382652000 7
1382738400 4
1382824800 1
1382914800 3
1383001200 2
1383087600 1
1383174000 6
1383260400 2
1383346800 1
1383519600 3
1383606000 6
1383692400 7
1383778800 3
1383865200 4
1383951600 4
1384038000 2
1384124400 2
1384210800 8
1384297200 10
1384383600 9
1384470000 2
1384556400 2
1384642800 3
1384729200 3
1384815600 1
1384902000 2
1384988400 14
1385074800 8
1385161200 1
1385247600 11
1385334000 4
1385420400 1
1385506800 12
1385593200 4
1385679600 5
1385766000 3
1385852400 7
1385938800 4
1386025200 6
1386111600 6
1386198000 8
1386284400 13
1386370800 7
1386457200 9
1386543600 6
1386630000 3
1386716400 7
1386802800 10
1386889200 10
1386975600 6
1387062000 7
1387148400 6
1387234800 2
1387321200 1
1387407600 7
1387494000 2
1387580400 5
1387666800 4
1387753200 2
1387839600 3
1388098800 10
1388185200 1
1388271600 5
1388358000 6
1388444400 6
