1325458800 15
1325545200 21
1325631600 26
1325718000 40
1325804400 54
1325890800 35
1325977200 46
1326063600 18
1326150000 32
1326236400 35
1326322800 44
1326409200 31
1326495600 27
1326582000 26
1326668400 11
1326754800 31
1326841200 51
1326927600 38
1327014000 35
1327100400 23
1327186800 19
1327273200 16
1327359600 23
1327446000 40
1327532400 25
1327618800 21
1327705200 45
1327791600 30
1327878000 16
1327964400 11
1328050800 25
1328137200 28
1328223600 33
1328310000 22
1328396400 38
1328482800 9
1328569200 17
1328655600 26
1328742000 42
1328828400 30
1328914800 32
1329001200 26
1329087600 29
1329174000 28
1329260400 29
1329346800 32
1329433200 22
1329519600 32
1329606000 25
1329692400 10
1329778800 13
1329865200 22
1329951600 27
1330038000 19
1330124400 26
1330210800 36
1330297200 16
1330383600 19
1330470000 35
1330556400 23
1330642800 32
1330729200 28
1330815600 22
1330902000 13
1330988400 22
1331074800 30
1331161200 37
1331247600 29
1331334000 39
1331420400 23
1331506800 19
1331593200 27
1331679600 30
1331766000 32
1331852400 25
1331938800 27
1332025200 19
1332111600 16
1332198000 12
1332284400 21
1332370800 47
1332457200 26
1332543600 39
1332630000 54
1332712800 21
1332799200 16
1332885600 19
1332972000 23
1333058400 22
1333144800 25
1333231200 19
1333317600 22
1333404000 15
1333490400 29
1333576800 41
1333663200 26
1333749600 18
1333836000 38
1333922400 13
1334008800 9
1334095200 24
1334181600 36
1334268000 26
1334354400 25
1334440800 21
1334527200 19
1334613600 12
1334700000 27
1334786400 15
1334872800 27
1334959200 20
1335045600 20
1335132000 13
1335218400 24
1335304800 32
1335391200 13
1335477600 25
1335564000 27
1335650400 23
1335736800 16
1335823200 12
1335909600 29
1335996000 25
1336082400 37
1336168800 30
1336255200 14
1336341600 21
1336428000 20
1336514400 22
1336600800 19
1336687200 30
1336773600 29
1336860000 22
1336946400 15
1337032800 18
1337119200 15
1337205600 21
1337292000 36
1337378400 18
1337464800 23
1337551200 8
1337637600 11
1337724000 30
1337810400 25
1337896800 18
1337983200 18
1338069600 6
1338156000 10
1338242400 7
1338328800 23
1338415200 25
1338501600 8
1338588000 17
1338674400 13
1338760800 15
1338847200 9
1338933600 29
1339020000 17
1339106400 16
1339192800 10
1339279200 12
1339365600 12
1339452000 7
1339538400 11
1339624800 14
1339711200 8
1339797600 27
1339884000 14
1339970400 11
1340056800 8
1340143200 26
1340229600 15
1340316000 12
1340402400 17
1340488800 11
1340575200 7
1340661600 20
1340748000 11
1340834400 11
1340920800 13
1341007200 8
1341093600 4
1341180000 11
1341266400 10
1341352800 22
1341439200 19
1341525600 22
1341612000 14
1341698400 15
1341784800 7
1341871200 8
1341957600 18
1342044000 10
1342130400 17
1342216800 10
1342303200 13
1342389600 5
1342476000 14
1342562400 15
1342648800 11
1342735200 23
1342821600 18
1342908000 18
1342994400 20
1343080800 4
1343167200 14
1343253600 19
1343340000 17
1343426400 18
1343512800 10
1343599200 8
1343685600 2
1343772000 15
1343858400 17
1343944800 18
1344031200 21
1344117600 13
1344204000 13
1344290400 8
1344376800 12
1344463200 13
1344549600 14
1344636000 18
1344722400 12
1344808800 14
1344895200 10
1344981600 18
1345068000 14
1345154400 22
1345240800 19
1345327200 6
1345413600 3
1345500000 8
1345586400 15
1345672800 25
1345759200 25
1345845600 16
1345932000 17
1346018400 13
1346104800 5
1346191200 21
1346277600 7
1346364000 9
1346450400 14
1346536800 18
1346623200 8
1346709600 8
1346796000 6
1346882400 11
1346968800 10
1347055200 15
1347141600 15
1347228000 18
1347314400 9
1347400800 19
1347487200 20
1347573600 16
1347660000 20
1347746400 18
1347832800 13
1347919200 9
1348005600 11
1348092000 13
1348178400 14
1348264800 18
1348351200 28
1348437600 8
1348524000 6
1348610400 15
1348696800 27
1348783200 12
1348869600 12
1348956000 9
1349042400 11
1349128800 10
1349215200 19
1349301600 35
1349388000 10
1349474400 23
1349560800 20
1349647200 8
1349733600 13
1349820000 26
1349906400 16
1349992800 15
1350079200 8
1350165600 14
1350252000 12
1350338400 14
1350424800 12
1350511200 27
1350597600 18
1350684000 10
1350770400 25
1350856800 5
1350943200 6
1351029600 11
1351116000 13
1351202400 17
1351288800 16
1351375200 14
1351465200 15
1351551600 5
1351638000 5
1351724400 9
1351810800 23
1351897200 5
1351983600 8
1352070000 6
1352156400 5
1352242800 11
1352329200 9
1352415600 15
1352502000 16
1352588400 16
1352674800 7
1352761200 6
1352847600 18
1352934000 16
1353020400 13
1353106800 11
1353193200 19
1353279600 12
1353366000 14
1353452400 15
1353538800 13
1353625200 7
1353711600 16
1353798000 17
1353884400 4
1353970800 9
1354057200 10
1354143600 8
1354230000 19
1354316400 15
1354402800 11
1354489200 8
1354575600 4
1354662000 16
1354748400 20
1354834800 19
1354921200 15
1355007600 16
1355094000 16
1355180400 9
1355266800 15
1355353200 19
1355439600 10
1355526000 15
1355612400 20
1355698800 11
1355785200 2
1355871600 13
1355958000 25
1356044400 19
1356130800 12
1356217200 9
1356303600 3
1356390000 1
1356476400 3
1356562800 14
1356649200 12
1356735600 9
1356822000 9
1356908400 12
