1325458800 315
1325545200 285
1325631600 372
1325718000 405
1325804400 591
1325890800 714
1325977200 598
1326063600 291
1326150000 484
1326236400 511
1326322800 562
1326409200 617
1326495600 623
1326582000 471
1326668400 354
1326754800 447
1326841200 524
1326927600 533
1327014000 541
1327100400 634
1327186800 524
1327273200 409
1327359600 441
1327446000 659
1327532400 590
1327618800 524
1327705200 784
1327791600 668
1327878000 440
1327964400 331
1328050800 577
1328137200 598
1328223600 482
1328310000 626
1328396400 556
1328482800 242
1328569200 365
1328655600 438
1328742000 534
1328828400 527
1328914800 664
1329001200 549
1329087600 349
1329174000 370
1329260400 424
1329346800 625
1329433200 542
1329519600 509
1329606000 547
1329692400 350
1329778800 361
1329865200 520
1329951600 495
1330038000 488
1330124400 456
1330210800 462
1330297200 343
1330383600 291
1330470000 498
1330556400 413
1330642800 422
1330729200 527
1330815600 505
1330902000 265
1330988400 286
1331074800 445
1331161200 517
1331247600 614
1331334000 568
1331420400 515
1331506800 372
1331593200 413
1331679600 466
1331766000 500
1331852400 458
1331938800 497
1332025200 432
1332111600 277
1332198000 293
1332284400 429
1332370800 469
1332457200 505
1332543600 486
1332630000 413
1332712800 296
1332799200 335
1332885600 380
1332972000 372
1333058400 379
1333144800 402
1333231200 366
1333317600 262
1333404000 334
1333490400 347
1333576800 422
1333663200 388
1333749600 369
1333836000 448
1333922400 270
1334008800 232
1334095200 397
1334181600 439
1334268000 420
1334354400 311
1334440800 347
1334527200 283
1334613600 263
1334700000 337
1334786400 392
1334872800 361
1334959200 469
1335045600 464
1335132000 214
1335218400 256
1335304800 280
1335391200 379
1335477600 328
1335564000 351
1335650400 353
1335736800 291
1335823200 292
1335909600 256
1335996000 284
1336082400 344
1336168800 339
1336255200 349
1336341600 278
1336428000 269
1336514400 347
1336600800 339
1336687200 331
1336773600 320
1336860000 329
1336946400 193
1337032800 209
1337119200 294
1337205600 334
1337292000 278
1337378400 256
1337464800 293
1337551200 177
1337637600 213
1337724000 213
1337810400 271
1337896800 188
1337983200 292
1338069600 224
1338156000 195
1338242400 147
1338328800 210
1338415200 226
1338501600 218
1338588000 227
1338674400 151
1338760800 146
1338847200 101
1338933600 177
1339020000 227
1339106400 182
1339192800 190
1339279200 215
1339365600 154
1339452000 108
1339538400 136
1339624800 179
1339711200 142
1339797600 195
1339884000 187
1339970400 123
1340056800 110
1340143200 177
1340229600 131
1340316000 157
1340402400 194
1340488800 184
1340575200 120
1340661600 105
1340748000 103
1340834400 139
1340920800 113
1341007200 127
1341093600 93
1341180000 117
1341266400 71
1341352800 165
1341439200 144
1341525600 141
1341612000 144
1341698400 138
1341784800 113
1341871200 81
1341957600 151
1342044000 116
1342130400 167
1342216800 154
1342303200 207
1342389600 165
1342476000 111
1342562400 136
1342648800 149
1342735200 211
1342821600 312
1342908000 356
1342994400 158
1343080800 133
1343167200 196
1343253600 230
1343340000 247
1343426400 210
1343512800 242
1343599200 177
1343685600 157
1343772000 162
1343858400 195
1343944800 225
1344031200 233
1344117600 233
1344204000 204
1344290400 146
1344376800 186
1344463200 199
1344549600 232
1344636000 236
1344722400 188
1344808800 196
1344895200 151
1344981600 188
1345068000 197
1345154400 226
1345240800 242
1345327200 185
1345413600 169
1345500000 135
1345586400 215
1345672800 192
1345759200 201
1345845600 208
1345932000 236
1346018400 174
1346104800 124
1346191200 215
1346277600 186
1346364000 154
1346450400 225
1346536800 198
1346623200 184
1346709600 149
1346796000 175
1346882400 193
1346968800 229
1347055200 220
1347141600 273
1347228000 281
1347314400 182
1347400800 245
1347487200 287
1347573600 264
1347660000 288
1347746400 336
1347832800 253
1347919200 210
1348005600 201
1348092000 301
1348178400 256
1348264800 276
1348351200 300
1348437600 160
1348524000 171
1348610400 245
1348696800 287
1348783200 211
1348869600 267
1348956000 278
1349042400 202
1349128800 150
1349215200 175
1349301600 301
1349388000 262
1349474400 342
1349560800 259
1349647200 173
1349733600 158
1349820000 205
1349906400 253
1349992800 247
1350079200 201
1350165600 286
1350252000 179
1350338400 191
1350424800 231
1350511200 290
1350597600 266
1350684000 183
1350770400 345
1350856800 206
1350943200 151
1351029600 225
1351116000 236
1351202400 222
1351288800 253
1351375200 280
1351465200 134
1351551600 33
1351638000 114
1351724400 238
1351810800 175
1351897200 219
1351983600 180
1352070000 143
1352156400 114
1352242800 155
1352329200 136
1352415600 190
1352502000 226
1352588400 183
1352674800 125
1352761200 140
1352847600 167
1352934000 219
1353020400 175
1353106800 218
1353193200 230
1353279600 163
1353366000 135
1353452400 193
1353538800 203
1353625200 107
1353711600 175
1353798000 205
1353884400 147
1353970800 139
1354057200 180
1354143600 284
1354230000 220
1354316400 324
1354402800 246
1354489200 127
1354575600 117
1354662000 260
1354748400 214
1354834800 249
1354921200 246
1355007600 248
1355094000 154
1355180400 109
1355266800 203
1355353200 231
1355439600 193
1355526000 232
1355612400 265
1355698800 137
1355785200 105
1355871600 184
1355958000 203
1356044400 202
1356130800 153
1356217200 173
1356303600 138
1356390000 53
1356476400 53
1356562800 125
1356649200 235
1356735600 225
1356822000 213
1356908400 156
