1388617200 18
1388703600 28
1388790000 14
1388876400 32
1388962800 27
1389049200 40
1389135600 35
1389222000 45
1389308400 66
1389394800 59
1389481200 34
1389567600 37
1389654000 37
1389740400 49
1389826800 77
1389913200 86
1389999600 68
1390086000 61
1390172400 40
1390258800 48
1390345200 20
1390431600 35
1390518000 50
1390604400 49
1390690800 42
1390777200 45
1390863600 49
1390950000 51
1391036400 39
1391122800 69
1391209200 60
1391295600 36
1391382000 14
1391468400 8
1391554800 29
1391641200 50
1391727600 28
1391814000 46
1391900400 52
1391986800 21
1392073200 32
1392159600 53
1392246000 40
1392332400 38
1392418800 41
1392505200 38
1392591600 24
1392678000 28
1392764400 45
1392850800 45
1392937200 62
1393023600 77
1393110000 59
1393196400 49
1393282800 53
1393369200 61
1393455600 54
1393542000 47
1393628400 68
1393714800 64
1393801200 24
1393887600 40
1393974000 46
1394060400 65
1394146800 54
1394233200 48
1394319600 42
1394406000 33
1394492400 41
1394578800 73
1394665200 71
1394751600 40
1394838000 60
1394924400 43
1395010800 31
1395097200 23
1395183600 76
1395270000 53
1395356400 46
1395442800 61
1395529200 36
1395615600 18
1395702000 40
1395788400 43
1395874800 49
1395961200 59
1396047600 63
1396134000 45
1396216800 26
1396303200 31
1396389600 64
1396476000 49
1396562400 62
1396648800 73
1396735200 53
1396821600 46
1396908000 32
1396994400 53
1397080800 66
1397167200 47
1397253600 67
1397340000 33
1397426400 29
1397512800 37
1397599200 33
1397685600 40
1397772000 39
1397858400 68
1397944800 38
1398031200 16
1398117600 36
1398204000 66
1398290400 91
1398376800 53
1398463200 65
1398549600 41
1398636000 27
1398722400 40
1398808800 39
1398895200 29
1398981600 49
1399068000 61
1399154400 25
1399240800 44
1399327200 38
1399413600 64
1399500000 63
1399586400 81
1399672800 72
1399759200 41
1399845600 24
1399932000 42
1400018400 57
1400104800 75
1400191200 68
1400277600 51
1400364000 31
1400450400 16
1400536800 26
1400623200 53
1400709600 52
1400796000 89
1400882400 65
1400968800 49
1401055200 24
1401141600 16
1401228000 38
1401314400 59
1401400800 30
1401487200 53
1401573600 44
1401660000 28
1401746400 21
1401832800 51
1401919200 31
1402005600 33
1402092000 61
1402178400 35
1402264800 21
1402351200 42
1402437600 55
1402524000 45
1402610400 40
1402696800 80
1402783200 66
1402869600 24
1402956000 56
1403042400 40
1403128800 62
1403215200 41
1403301600 42
1403388000 46
1403474400 31
1403560800 21
1403647200 37
1403733600 44
1403820000 35
1403906400 34
1403992800 29
1404079200 25
1404165600 18
1404252000 44
1404338400 30
1404424800 39
1404511200 27
1404597600 32
1404684000 20
1404770400 17
1404856800 40
1404943200 42
1405029600 25
1405116000 39
1405202400 43
1405288800 21
1405375200 11
1405461600 41
1405548000 54
1405634400 34
1405720800 43
1405807200 39
1405893600 16
1405980000 27
1406066400 34
1406152800 62
1406239200 66
1406325600 49
1406412000 37
1406498400 31
1406584800 33
1406671200 45
1406757600 47
1406844000 36
1406930400 42
1407016800 26
1407103200 27
1407189600 14
1407276000 28
1407362400 35
1407448800 52
1407535200 45
1407621600 34
1407708000 36
1407794400 27
1407880800 36
1407967200 38
1408053600 38
1408140000 56
1408226400 40
1408312800 19
1408399200 18
1408485600 32
1408572000 39
1408658400 35
1408744800 23
1408831200 30
1408917600 24
1409004000 15
1409090400 26
1409176800 53
1409263200 40
1409349600 21
1409436000 30
1409522400 30
1409608800 11
1409695200 21
1409781600 26
1409868000 36
1409954400 23
1410040800 15
1410127200 32
1410213600 25
1410300000 22
1410386400 39
1410472800 32
1410559200 48
1410645600 26
1410732000 30
1410818400 37
1410904800 33
1410991200 50
1411077600 47
1411164000 63
1411250400 44
1411336800 38
1411423200 22
1411509600 30
1411596000 53
1411682400 18
1411768800 31
1411855200 29
1411941600 27
1412028000 26
1412114400 48
1412200800 13
1412287200 23
1412373600 49
1412460000 30
1412546400 27
1412632800 26
1412719200 29
1412805600 24
1412892000 27
1412978400 36
1413064800 27
1413151200 16
1413237600 31
1413324000 47
1413410400 46
1413496800 29
1413583200 41
1413669600 20
1413756000 21
1413842400 20
1413928800 48
1414015200 20
1414101600 29
1414188000 37
1414274400 27
1414364400 18
1414450800 21
1414537200 36
1414623600 23
1414710000 26
1414796400 54
1414882800 9
1414969200 17
1415055600 21
1415142000 16
1415228400 28
1415314800 33
1415401200 41
1415487600 12
1415574000 14
1415660400 18
1415746800 45
1415833200 41
1415919600 26
1416006000 40
1416092400 29
1416178800 9
1416265200 9
1416351600 26
1416438000 28
1416524400 34
1416610800 19
1416697200 13
1416783600 15
1416870000 13
1416956400 20
1417042800 26
1417129200 15
1417215600 23
1417302000 20
1417388400 19
1417474800 20
1417561200 20
1417647600 15
1417734000 11
1417820400 11
1417906800 12
1417993200 10
1418079600 12
1418166000 29
1418252400 41
1418338800 32
1418425200 16
1418511600 18
1418598000 5
1418684400 6
1418770800 15
1418857200 25
1418943600 14
1419030000 15
1419116400 5
1419202800 3
1419289200 5
1419375600 4
1419462000 7
1419548400 2
1419634800 3
1419721200 10
1419807600 6
1419894000 7
1419980400 3
