1136156400 7
1136242800 6
1136329200 10
1136415600 8
1136502000 12
1136588400 15
1136674800 3
1136761200 4
1136847600 7
1136934000 11
1137020400 15
1137106800 18
1137193200 21
1137279600 9
1137366000 6
1137452400 3
1137538800 14
1137625200 20
1137711600 18
1137798000 7
1137884400 13
1137970800 9
1138057200 8
1138143600 20
1138230000 23
1138316400 26
1138402800 16
1138489200 16
1138575600 3
1138662000 12
1138748400 12
1138834800 22
1138921200 23
1139007600 33
1139094000 10
1139180400 10
1139266800 8
1139353200 17
1139439600 28
1139526000 17
1139612400 23
1139698800 8
1139785200 11
1139871600 4
1139958000 26
1140044400 14
1140130800 21
1140217200 21
1140303600 9
1140390000 11
1140476400 11
1140562800 16
1140649200 30
1140735600 16
1140822000 14
1140908400 15
1140994800 4
1141081200 17
1141167600 10
1141254000 25
1141340400 12
1141426800 30
1141513200 15
1141599600 11
1141686000 11
1141772400 24
1141858800 15
1141945200 20
1142031600 20
1142118000 19
1142204400 7
1142290800 8
1142377200 10
1142463600 24
1142550000 24
1142636400 19
1142722800 16
1142809200 15
1142895600 19
1142982000 17
1143068400 28
1143154800 21
1143241200 22
1143327600 19
1143410400 19
1143496800 18
1143583200 18
1143669600 28
1143756000 16
1143842400 19
1143928800 19
1144015200 17
1144101600 8
1144188000 20
1144274400 19
1144360800 23
1144447200 22
1144533600 29
1144620000 14
1144706400 20
1144792800 30
1144879200 26
1144965600 24
1145052000 31
1145138400 5
1145224800 4
1145311200 14
1145397600 15
1145484000 22
1145570400 19
1145656800 17
1145743200 17
1145829600 8
1145916000 9
1146002400 26
1146088800 25
1146175200 27
1146261600 21
1146348000 13
1146434400 6
1146520800 13
1146607200 13
1146693600 24
1146780000 23
1146866400 18
1146952800 22
1147039200 19
1147125600 7
1147212000 21
1147298400 23
1147384800 16
1147471200 16
1147557600 20
1147644000 14
1147730400 12
1147816800 21
1147903200 11
1147989600 10
1148076000 30
1148162400 6
1148248800 4
1148335200 10
1148421600 35
1148508000 33
1148594400 15
1148680800 21
1148767200 15
1148853600 4
1148940000 5
1149026400 18
1149112800 24
1149199200 22
1149285600 15
1149372000 15
1149458400 13
1149544800 20
1149631200 14
1149717600 16
1149804000 8
1149890400 14
1149976800 21
1150063200 7
1150149600 26
1150236000 22
1150322400 34
1150408800 28
1150495200 20
1150581600 12
1150668000 5
1150754400 10
1150840800 18
1150927200 15
1151013600 25
1151100000 25
1151186400 6
1151272800 11
1151359200 12
1151445600 8
1151532000 20
1151618400 14
1151704800 12
1151791200 11
1151877600 7
1151964000 4
1152050400 12
1152136800 11
1152223200 18
1152309600 14
1152396000 16
1152482400 4
1152568800 9
1152655200 15
1152741600 12
1152828000 23
1152914400 34
1153000800 14
1153087200 4
1153173600 8
1153260000 16
1153346400 13
1153432800 30
1153519200 24
1153605600 18
1153692000 9
1153778400 11
1153864800 25
1153951200 12
1154037600 17
1154124000 24
1154210400 11
1154296800 7
1154383200 9
1154469600 13
1154556000 14
1154642400 26
1154728800 19
1154815200 10
1154901600 16
1154988000 9
1155074400 11
1155160800 25
1155247200 15
1155333600 23
1155420000 22
1155506400 7
1155592800 15
1155679200 19
1155765600 20
1155852000 17
1155938400 11
1156024800 7
1156111200 7
1156197600 15
1156284000 28
1156370400 26
1156456800 26
1156543200 16
1156629600 21
1156716000 9
1156802400 17
1156888800 26
1156975200 20
1157061600 14
1157148000 18
1157234400 11
1157320800 8
1157407200 15
1157493600 13
1157580000 27
1157666400 22
1157752800 15
1157839200 12
1157925600 15
1158012000 14
1158098400 18
1158184800 25
1158271200 21
1158357600 14
1158444000 15
1158530400 8
1158616800 16
1158703200 16
1158789600 13
1158876000 32
1158962400 15
1159048800 6
1159135200 19
1159221600 11
1159308000 34
1159394400 29
1159480800 14
1159567200 18
1159653600 9
1159740000 9
1159826400 19
1159912800 20
1159999200 20
1160085600 6
1160172000 17
1160258400 17
1160344800 3
1160431200 17
1160517600 29
1160604000 10
1160690400 14
1160776800 26
1160863200 18
1160949600 9
1161036000 16
1161122400 12
1161208800 18
1161295200 28
1161381600 19
1161468000 10
1161554400 10
1161640800 4
1161727200 12
1161813600 17
1161900000 23
1161986400 21
1162072800 7
1162162800 9
1162249200 9
1162335600 22
1162422000 12
1162508400 22
1162594800 21
1162681200 13
1162767600 10
1162854000 12
1162940400 15
1163026800 22
1163113200 14
1163199600 17
1163286000 11
1163372400 7
1163458800 17
1163545200 14
1163631600 22
1163718000 16
1163804400 10
1163890800 6
1163977200 6
1164063600 9
1164150000 16
1164236400 13
1164322800 9
1164409200 8
1164495600 18
1164582000 10
1164668400 11
1164754800 17
1164841200 16
1164927600 19
1165014000 15
1165100400 11
1165186800 4
1165273200 13
1165359600 18
1165446000 15
1165532400 30
1165618800 18
1165705200 13
1165791600 13
1165878000 22
1165964400 22
1166050800 26
1166137200 13
1166223600 25
1166310000 9
1166396400 11
1166482800 11
1166569200 14
1166655600 17
1166742000 22
1166828400 16
1166914800 11
1167001200 3
1167087600 2
1167174000 5
1167260400 13
1167346800 22
1167433200 11
1167519600 13
