1325458800 238
1325545200 193
1325631600 385
1325718000 422
1325804400 574
1325890800 619
1325977200 564
1326063600 295
1326150000 362
1326236400 499
1326322800 533
1326409200 538
1326495600 565
1326582000 409
1326668400 235
1326754800 287
1326841200 518
1326927600 499
1327014000 437
1327100400 559
1327186800 405
1327273200 196
1327359600 277
1327446000 555
1327532400 511
1327618800 470
1327705200 576
1327791600 469
1327878000 303
1327964400 320
1328050800 636
1328137200 593
1328223600 518
1328310000 634
1328396400 421
1328482800 221
1328569200 312
1328655600 469
1328742000 511
1328828400 565
1328914800 705
1329001200 471
1329087600 324
1329174000 383
1329260400 431
1329346800 494
1329433200 516
1329519600 634
1329606000 438
1329692400 320
1329778800 384
1329865200 508
1329951600 532
1330038000 454
1330124400 444
1330210800 519
1330297200 353
1330383600 334
1330470000 581
1330556400 456
1330642800 431
1330729200 644
1330815600 485
1330902000 334
1330988400 347
1331074800 470
1331161200 612
1331247600 593
1331334000 621
1331420400 530
1331506800 291
1331593200 448
1331679600 500
1331766000 532
1331852400 511
1331938800 558
1332025200 415
1332111600 300
1332198000 382
1332284400 451
1332370800 499
1332457200 485
1332543600 571
1332630000 388
1332712800 314
1332799200 345
1332885600 420
1332972000 406
1333058400 471
1333144800 561
1333231200 413
1333317600 353
1333404000 313
1333490400 365
1333576800 455
1333663200 396
1333749600 577
1333836000 405
1333922400 245
1334008800 298
1334095200 431
1334181600 429
1334268000 417
1334354400 440
1334440800 372
1334527200 273
1334613600 294
1334700000 432
1334786400 443
1334872800 540
1334959200 733
1335045600 410
1335132000 221
1335218400 233
1335304800 245
1335391200 514
1335477600 412
1335564000 478
1335650400 526
1335736800 268
1335823200 334
1335909600 376
1335996000 398
1336082400 442
1336168800 383
1336255200 297
1336341600 281
1336428000 228
1336514400 366
1336600800 446
1336687200 369
1336773600 416
1336860000 348
1336946400 155
1337032800 211
1337119200 306
1337205600 419
1337292000 392
1337378400 322
1337464800 260
1337551200 216
1337637600 208
1337724000 324
1337810400 349
1337896800 300
1337983200 397
1338069600 309
1338156000 265
1338242400 171
1338328800 274
1338415200 375
1338501600 341
1338588000 314
1338674400 260
1338760800 220
1338847200 220
1338933600 237
1339020000 306
1339106400 321
1339192800 335
1339279200 251
1339365600 145
1339452000 192
1339538400 216
1339624800 222
1339711200 243
1339797600 347
1339884000 237
1339970400 137
1340056800 148
1340143200 274
1340229600 292
1340316000 260
1340402400 276
1340488800 182
1340575200 146
1340661600 192
1340748000 199
1340834400 340
1340920800 355
1341007200 289
1341093600 222
1341180000 131
1341266400 115
1341352800 211
1341439200 221
1341525600 220
1341612000 194
1341698400 195
1341784800 111
1341871200 137
1341957600 216
1342044000 281
1342130400 254
1342216800 253
1342303200 220
1342389600 163
1342476000 154
1342562400 226
1342648800 240
1342735200 254
1342821600 231
1342908000 310
1342994400 220
1343080800 203
1343167200 311
1343253600 285
1343340000 335
1343426400 380
1343512800 294
1343599200 209
1343685600 206
1343772000 359
1343858400 236
1343944800 258
1344031200 318
1344117600 307
1344204000 207
1344290400 157
1344376800 206
1344463200 233
1344549600 324
1344636000 388
1344722400 357
1344808800 288
1344895200 231
1344981600 250
1345068000 240
1345154400 349
1345240800 370
1345327200 311
1345413600 281
1345500000 184
1345586400 226
1345672800 203
1345759200 256
1345845600 300
1345932000 241
1346018400 275
1346104800 240
1346191200 284
1346277600 306
1346364000 300
1346450400 284
1346536800 219
1346623200 216
1346709600 198
1346796000 206
1346882400 203
1346968800 237
1347055200 244
1347141600 272
1347228000 241
1347314400 234
1347400800 265
1347487200 257
1347573600 222
1347660000 391
1347746400 319
1347832800 233
1347919200 159
1348005600 222
1348092000 328
1348178400 403
1348264800 294
1348351200 317
1348437600 251
1348524000 176
1348610400 254
1348696800 272
1348783200 266
1348869600 287
1348956000 364
1349042400 234
1349128800 188
1349215200 288
1349301600 306
1349388000 313
1349474400 367
1349560800 338
1349647200 178
1349733600 183
1349820000 285
1349906400 273
1349992800 284
1350079200 357
1350165600 251
1350252000 217
1350338400 191
1350424800 291
1350511200 300
1350597600 257
1350684000 305
1350770400 274
1350856800 179
1350943200 227
1351029600 187
1351116000 295
1351202400 266
1351288800 291
1351375200 236
1351465200 128
1351551600 39
1351638000 68
1351724400 103
1351810800 69
1351897200 87
1351983600 81
1352070000 77
1352156400 66
1352242800 63
1352329200 43
1352415600 81
1352502000 133
1352588400 141
1352674800 99
1352761200 108
1352847600 195
1352934000 193
1353020400 221
1353106800 214
1353193200 188
1353279600 110
1353366000 135
1353452400 203
1353538800 167
1353625200 98
1353711600 184
1353798000 151
1353884400 97
1353970800 111
1354057200 199
1354143600 312
1354230000 294
1354316400 286
1354402800 144
1354489200 111
1354575600 142
1354662000 220
1354748400 265
1354834800 228
1354921200 247
1355007600 190
1355094000 80
1355180400 166
1355266800 238
1355353200 241
1355439600 194
1355526000 246
1355612400 193
1355698800 90
1355785200 92
1355871600 196
1355958000 246
1356044400 259
1356130800 179
1356217200 142
1356303600 68
1356390000 54
1356476400 27
1356562800 115
1356649200 218
1356735600 223
1356822000 186
1356908400 94
