1325458800 19
1325545200 17
1325631600 22
1325718000 37
1325804400 38
1325890800 42
1325977200 37
1326063600 14
1326150000 16
1326236400 48
1326322800 39
1326409200 37
1326495600 31
1326582000 32
1326668400 13
1326754800 17
1326841200 40
1326927600 36
1327014000 31
1327100400 46
1327186800 27
1327273200 17
1327359600 16
1327446000 38
1327532400 26
1327618800 20
1327705200 29
1327791600 22
1327878000 17
1327964400 23
1328050800 35
1328137200 32
1328223600 35
1328310000 48
1328396400 24
1328482800 22
1328569200 20
1328655600 40
1328742000 37
1328828400 47
1328914800 48
1329001200 26
1329087600 14
1329174000 37
1329260400 21
1329346800 47
1329433200 34
1329519600 49
1329606000 25
1329692400 24
1329778800 15
1329865200 33
1329951600 45
1330038000 39
1330124400 19
1330210800 28
1330297200 19
1330383600 21
1330470000 31
1330556400 30
1330642800 26
1330729200 43
1330815600 12
1330902000 15
1330988400 22
1331074800 43
1331161200 45
1331247600 37
1331334000 30
1331420400 25
1331506800 10
1331593200 18
1331679600 30
1331766000 39
1331852400 26
1331938800 44
1332025200 22
1332111600 27
1332198000 19
1332284400 39
1332370800 33
1332457200 34
1332543600 35
1332630000 28
1332712800 8
1332799200 15
1332885600 40
1332972000 35
1333058400 24
1333144800 35
1333231200 30
1333317600 20
1333404000 12
1333490400 53
1333576800 33
1333663200 36
1333749600 29
1333836000 22
1333922400 6
1334008800 11
1334095200 34
1334181600 30
1334268000 47
1334354400 29
1334440800 31
1334527200 24
1334613600 24
1334700000 28
1334786400 29
1334872800 47
1334959200 37
1335045600 22
1335132000 16
1335218400 14
1335304800 27
1335391200 41
1335477600 20
1335564000 29
1335650400 28
1335736800 15
1335823200 15
1335909600 47
1335996000 27
1336082400 40
1336168800 35
1336255200 18
1336341600 20
1336428000 24
1336514400 39
1336600800 56
1336687200 40
1336773600 29
1336860000 18
1336946400 13
1337032800 12
1337119200 44
1337205600 42
1337292000 34
1337378400 31
1337464800 27
1337551200 14
1337637600 13
1337724000 35
1337810400 32
1337896800 20
1337983200 33
1338069600 28
1338156000 12
1338242400 10
1338328800 16
1338415200 17
1338501600 28
1338588000 28
1338674400 24
1338760800 18
1338847200 15
1338933600 19
1339020000 29
1339106400 30
1339192800 26
1339279200 16
1339365600 13
1339452000 20
1339538400 33
1339624800 15
1339711200 23
1339797600 44
1339884000 16
1339970400 4
1340056800 15
1340143200 30
1340229600 18
1340316000 28
1340402400 18
1340488800 11
1340575200 12
1340661600 10
1340748000 22
1340834400 38
1340920800 32
1341007200 25
1341093600 12
1341180000 11
1341266400 19
1341352800 30
1341439200 29
1341525600 34
1341612000 14
1341698400 14
1341784800 7
1341871200 16
1341957600 26
1342044000 26
1342130400 17
1342216800 25
1342303200 21
1342389600 10
1342476000 5
1342562400 24
1342648800 29
1342735200 30
1342821600 27
1342908000 26
1342994400 15
1343080800 14
1343167200 21
1343253600 27
1343340000 20
1343426400 26
1343512800 17
1343599200 14
1343685600 9
1343772000 16
1343858400 23
1343944800 29
1344031200 16
1344117600 19
1344204000 16
1344290400 8
1344376800 21
1344463200 28
1344549600 26
1344636000 34
1344722400 8
1344808800 22
1344895200 14
1344981600 16
1345068000 27
1345154400 26
1345240800 29
1345327200 11
1345413600 15
1345500000 13
1345586400 17
1345672800 19
1345759200 22
1345845600 15
1345932000 14
1346018400 16
1346104800 13
1346191200 18
1346277600 25
1346364000 19
1346450400 23
1346536800 20
1346623200 10
1346709600 14
1346796000 21
1346882400 25
1346968800 17
1347055200 18
1347141600 13
1347228000 16
1347314400 11
1347400800 13
1347487200 24
1347573600 18
1347660000 24
1347746400 11
1347832800 20
1347919200 19
1348005600 17
1348092000 21
1348178400 23
1348264800 15
1348351200 16
1348437600 20
1348524000 17
1348610400 25
1348696800 15
1348783200 16
1348869600 20
1348956000 7
1349042400 10
1349128800 4
1349215200 20
1349301600 25
1349388000 17
1349474400 31
1349560800 14
1349647200 3
1349733600 13
1349820000 22
1349906400 18
1349992800 13
1350079200 19
1350165600 11
1350252000 12
1350338400 13
1350424800 25
1350511200 21
1350597600 22
1350684000 23
1350770400 18
1350856800 8
1350943200 15
1351029600 13
1351116000 31
1351202400 16
1351288800 10
1351375200 7
1351465200 3
1351551600 6
1351638000 6
1351724400 7
1351810800 6
1351897200 4
1351983600 11
1352070000 7
1352156400 9
1352242800 3
1352329200 2
1352415600 8
1352502000 17
1352588400 19
1352674800 11
1352761200 5
1352847600 23
1352934000 12
1353020400 29
1353106800 10
1353193200 14
1353279600 21
1353366000 7
1353452400 15
1353538800 11
1353625200 4
1353711600 11
1353798000 16
1353884400 7
1353970800 8
1354057200 12
1354143600 25
1354230000 28
1354316400 10
1354402800 17
1354489200 14
1354575600 12
1354662000 24
1354748400 27
1354834800 20
1354921200 21
1355007600 13
1355094000 7
1355180400 10
1355266800 14
1355353200 20
1355439600 12
1355526000 10
1355612400 16
1355698800 7
1355785200 8
1355871600 17
1355958000 18
1356044400 23
1356130800 13
1356217200 11
1356303600 7
1356390000 6
1356476400 1
1356562800 5
1356649200 21
1356735600 14
1356822000 7
1356908400 5
