1262386800 15
1262473200 20
1262559600 15
1262646000 7
1262732400 24
1262818800 14
1262905200 24
1262991600 36
1263078000 23
1263164400 15
1263250800 15
1263337200 20
1263423600 30
1263510000 26
1263596400 29
1263682800 16
1263769200 14
1263855600 7
1263942000 21
1264028400 14
1264114800 42
1264201200 19
1264287600 24
1264374000 9
1264460400 9
1264546800 17
1264633200 33
1264719600 15
1264806000 15
1264892400 8
1264978800 12
1265065200 15
1265151600 34
1265238000 32
1265324400 28
1265410800 39
1265497200 27
1265583600 17
1265670000 11
1265756400 18
1265842800 9
1265929200 20
1266015600 15
1266102000 26
1266188400 14
1266274800 16
1266361200 15
1266447600 20
1266534000 31
1266620400 25
1266706800 27
1266793200 12
1266879600 11
1266966000 16
1267052400 26
1267138800 17
1267225200 14
1267311600 29
1267398000 5
1267484400 15
1267570800 26
1267657200 32
1267743600 37
1267830000 32
1267916400 20
1268002800 18
1268089200 14
1268175600 21
1268262000 20
1268348400 14
1268434800 25
1268521200 13
1268607600 15
1268694000 19
1268780400 26
1268866800 24
1268953200 12
1269039600 31
1269126000 7
1269212400 19
1269298800 10
1269385200 25
1269471600 21
1269558000 17
1269644400 18
1269730800 14
1269813600 10
1269900000 6
1269986400 19
1270072800 17
1270159200 15
1270245600 36
1270332000 23
1270418400 14
1270504800 6
1270591200 27
1270677600 35
1270764000 34
1270850400 44
1270936800 20
1271023200 16
1271109600 10
1271196000 17
1271282400 32
1271368800 52
1271455200 41
1271541600 34
1271628000 21
1271714400 18
1271800800 47
1271887200 57
1271973600 58
1272060000 43
1272146400 49
1272232800 12
1272319200 17
1272405600 43
1272492000 55
1272578400 29
1272664800 37
1272751200 23
1272837600 30
1272924000 12
1273010400 44
1273096800 35
1273183200 53
1273269600 42
1273356000 24
1273442400 22
1273528800 25
1273615200 44
1273701600 23
1273788000 36
1273874400 39
1273960800 22
1274047200 16
1274133600 19
1274220000 14
1274306400 32
1274392800 49
1274479200 26
1274565600 30
1274652000 12
1274738400 19
1274824800 31
1274911200 43
1274997600 38
1275084000 32
1275170400 43
1275256800 12
1275343200 5
1275429600 30
1275516000 49
1275602400 29
1275688800 46
1275775200 34
1275861600 13
1275948000 11
1276034400 40
1276120800 32
1276207200 35
1276293600 28
1276380000 19
1276466400 31
1276552800 8
1276639200 36
1276725600 44
1276812000 32
1276898400 19
1276984800 21
1277071200 7
1277157600 9
1277244000 15
1277330400 31
1277416800 28
1277503200 43
1277589600 19
1277676000 15
1277762400 14
1277848800 18
1277935200 15
1278021600 28
1278108000 22
1278194400 29
1278280800 16
1278367200 17
1278453600 27
1278540000 24
1278626400 32
1278712800 33
1278799200 20
1278885600 22
1278972000 16
1279058400 47
1279144800 21
1279231200 30
1279317600 23
1279404000 23
1279490400 13
1279576800 8
1279663200 26
1279749600 25
1279836000 23
1279922400 26
1280008800 21
1280095200 6
1280181600 3
1280268000 28
1280354400 10
1280440800 33
1280527200 27
1280613600 16
1280700000 15
1280786400 15
1280872800 35
1280959200 20
1281045600 48
1281132000 36
1281218400 21
1281304800 15
1281391200 12
1281477600 39
1281564000 34
1281650400 23
1281736800 26
1281823200 23
1281909600 23
1281996000 6
1282082400 29
1282168800 39
1282255200 22
1282341600 36
1282428000 22
1282514400 11
1282600800 8
1282687200 35
1282773600 29
1282860000 27
1282946400 42
1283032800 21
1283119200 12
1283205600 7
1283292000 24
1283378400 30
1283464800 38
1283551200 45
1283637600 18
1283724000 22
1283810400 11
1283896800 33
1283983200 32
1284069600 22
1284156000 46
1284242400 26
1284328800 27
1284415200 19
1284501600 29
1284588000 30
1284674400 25
1284760800 38
1284847200 20
1284933600 19
1285020000 15
1285106400 15
1285192800 30
1285279200 16
1285365600 27
1285452000 26
1285538400 32
1285624800 10
1285711200 25
1285797600 38
1285884000 20
1285970400 27
1286056800 26
1286143200 23
1286229600 29
1286316000 31
1286402400 37
1286488800 26
1286575200 40
1286661600 30
1286748000 20
1286834400 18
1286920800 41
1287007200 26
1287093600 43
1287180000 46
1287266400 20
1287352800 22
1287439200 24
1287525600 29
1287612000 24
1287698400 36
1287784800 32
1287871200 23
1287957600 18
1288044000 14
1288130400 30
1288216800 21
1288303200 29
1288389600 25
1288476000 14
1288566000 19
1288652400 10
1288738800 25
1288825200 33
1288911600 24
1288998000 40
1289084400 33
1289170800 14
1289257200 14
1289343600 25
1289430000 39
1289516400 27
1289602800 29
1289689200 28
1289775600 18
1289862000 16
1289948400 19
1290034800 30
1290121200 35
1290207600 38
1290294000 25
1290380400 18
1290466800 15
1290553200 23
1290639600 27
1290726000 3
1290812400 19
1290898800 29
1290985200 22
1291071600 21
1291158000 18
1291244400 21
1291330800 27
1291417200 39
1291503600 36
1291590000 16
1291676400 17
1291762800 32
1291849200 38
1291935600 29
1292022000 19
1292108400 25
1292194800 15
1292281200 18
1292367600 28
1292454000 26
1292540400 22
1292626800 30
1292713200 30
1292799600 15
1292886000 10
1292972400 17
1293058800 18
1293145200 17
1293231600 8
1293318000 3
1293404400 3
1293490800 1
1293577200 4
1293663600 15
1293750000 9
