1262386800 215
1262473200 221
1262559600 218
1262646000 134
1262732400 199
1262818800 242
1262905200 304
1262991600 337
1263078000 415
1263164400 207
1263250800 133
1263337200 263
1263423600 344
1263510000 455
1263596400 450
1263682800 440
1263769200 295
1263855600 241
1263942000 388
1264028400 338
1264114800 353
1264201200 444
1264287600 458
1264374000 238
1264460400 190
1264546800 386
1264633200 335
1264719600 295
1264806000 261
1264892400 272
1264978800 181
1265065200 215
1265151600 293
1265238000 332
1265324400 376
1265410800 424
1265497200 345
1265583600 167
1265670000 190
1265756400 322
1265842800 144
1265929200 260
1266015600 315
1266102000 302
1266188400 200
1266274800 183
1266361200 251
1266447600 246
1266534000 317
1266620400 367
1266706800 394
1266793200 253
1266879600 192
1266966000 198
1267052400 337
1267138800 261
1267225200 268
1267311600 403
1267398000 331
1267484400 223
1267570800 354
1267657200 294
1267743600 343
1267830000 374
1267916400 294
1268002800 235
1268089200 156
1268175600 253
1268262000 314
1268348400 207
1268434800 264
1268521200 180
1268607600 134
1268694000 150
1268780400 235
1268866800 210
1268953200 227
1269039600 285
1269126000 247
1269212400 209
1269298800 96
1269385200 204
1269471600 247
1269558000 272
1269644400 192
1269730800 269
1269813600 142
1269900000 159
1269986400 205
1270072800 262
1270159200 269
1270245600 305
1270332000 346
1270418400 166
1270504800 91
1270591200 286
1270677600 318
1270764000 260
1270850400 332
1270936800 354
1271023200 202
1271109600 171
1271196000 272
1271282400 277
1271368800 350
1271455200 405
1271541600 490
1271628000 277
1271714400 263
1271800800 395
1271887200 360
1271973600 395
1272060000 450
1272146400 474
1272232800 255
1272319200 216
1272405600 463
1272492000 437
1272578400 578
1272664800 638
1272751200 430
1272837600 313
1272924000 205
1273010400 355
1273096800 344
1273183200 496
1273269600 535
1273356000 490
1273442400 268
1273528800 230
1273615200 438
1273701600 398
1273788000 499
1273874400 413
1273960800 391
1274047200 258
1274133600 276
1274220000 252
1274306400 427
1274392800 465
1274479200 395
1274565600 436
1274652000 275
1274738400 216
1274824800 400
1274911200 402
1274997600 480
1275084000 578
1275170400 447
1275256800 315
1275343200 170
1275429600 292
1275516000 273
1275602400 327
1275688800 450
1275775200 396
1275861600 259
1275948000 192
1276034400 264
1276120800 325
1276207200 353
1276293600 390
1276380000 389
1276466400 314
1276552800 211
1276639200 316
1276725600 356
1276812000 355
1276898400 327
1276984800 454
1277071200 252
1277157600 195
1277244000 249
1277330400 272
1277416800 298
1277503200 454
1277589600 405
1277676000 225
1277762400 149
1277848800 354
1277935200 358
1278021600 289
1278108000 329
1278194400 604
1278280800 327
1278367200 290
1278453600 244
1278540000 307
1278626400 320
1278712800 299
1278799200 441
1278885600 403
1278972000 208
1279058400 305
1279144800 261
1279231200 258
1279317600 207
1279404000 242
1279490400 246
1279576800 158
1279663200 181
1279749600 217
1279836000 161
1279922400 257
1280008800 273
1280095200 148
1280181600 118
1280268000 189
1280354400 150
1280440800 308
1280527200 302
1280613600 368
1280700000 352
1280786400 163
1280872800 185
1280959200 184
1281045600 293
1281132000 298
1281218400 330
1281304800 403
1281391200 194
1281477600 282
1281564000 320
1281650400 349
1281736800 329
1281823200 427
1281909600 285
1281996000 162
1282082400 304
1282168800 349
1282255200 286
1282341600 334
1282428000 452
1282514400 348
1282600800 175
1282687200 284
1282773600 307
1282860000 282
1282946400 410
1283032800 459
1283119200 329
1283205600 173
1283292000 348
1283378400 301
1283464800 294
1283551200 352
1283637600 453
1283724000 338
1283810400 250
1283896800 305
1283983200 317
1284069600 372
1284156000 425
1284242400 452
1284328800 416
1284415200 204
1284501600 263
1284588000 368
1284674400 334
1284760800 318
1284847200 468
1284933600 339
1285020000 202
1285106400 231
1285192800 260
1285279200 273
1285365600 323
1285452000 435
1285538400 337
1285624800 176
1285711200 282
1285797600 299
1285884000 325
1285970400 324
1286056800 352
1286143200 290
1286229600 200
1286316000 319
1286402400 417
1286488800 334
1286575200 353
1286661600 441
1286748000 393
1286834400 207
1286920800 237
1287007200 304
1287093600 263
1287180000 318
1287266400 413
1287352800 272
1287439200 244
1287525600 278
1287612000 318
1287698400 424
1287784800 461
1287871200 395
1287957600 341
1288044000 208
1288130400 269
1288216800 312
1288303200 399
1288389600 368
1288476000 316
1288566000 281
1288652400 147
1288738800 257
1288825200 357
1288911600 386
1288998000 399
1289084400 405
1289170800 260
1289257200 218
1289343600 351
1289430000 439
1289516400 491
1289602800 418
1289689200 454
1289775600 226
1289862000 311
1289948400 271
1290034800 406
1290121200 445
1290207600 409
1290294000 464
1290380400 307
1290466800 307
1290553200 404
1290639600 451
1290726000 106
1290812400 358
1290898800 492
1290985200 345
1291071600 269
1291158000 284
1291244400 360
1291330800 363
1291417200 607
1291503600 317
1291590000 153
1291676400 395
1291762800 441
1291849200 440
1291935600 302
1292022000 375
1292108400 296
1292194800 234
1292281200 279
1292367600 369
1292454000 311
1292540400 338
1292626800 441
1292713200 304
1292799600 156
1292886000 286
1292972400 339
1293058800 378
1293145200 342
1293231600 89
1293318000 45
1293404400 84
1293490800 65
1293577200 127
1293663600 197
1293750000 172
