1388617200 65
1388703600 42
1388790000 22
1388876400 41
1388962800 30
1389049200 20
1389135600 41
1389222000 55
1389308400 75
1389394800 66
1389481200 71
1389567600 21
1389654000 42
1389740400 51
1389826800 63
1389913200 65
1389999600 46
1390086000 54
1390172400 32
1390258800 55
1390345200 17
1390431600 33
1390518000 46
1390604400 63
1390690800 56
1390777200 37
1390863600 37
1390950000 53
1391036400 47
1391122800 66
1391209200 50
1391295600 54
1391382000 45
1391468400 15
1391554800 60
1391641200 59
1391727600 76
1391814000 82
1391900400 69
1391986800 49
1392073200 39
1392159600 39
1392246000 45
1392332400 44
1392418800 62
1392505200 40
1392591600 29
1392678000 45
1392764400 34
1392850800 56
1392937200 53
1393023600 67
1393110000 46
1393196400 21
1393282800 32
1393369200 55
1393455600 42
1393542000 44
1393628400 50
1393714800 40
1393801200 48
1393887600 29
1393974000 32
1394060400 65
1394146800 52
1394233200 58
1394319600 51
1394406000 45
1394492400 47
1394578800 47
1394665200 56
1394751600 43
1394838000 76
1394924400 69
1395010800 45
1395097200 24
1395183600 42
1395270000 48
1395356400 66
1395442800 78
1395529200 74
1395615600 22
1395702000 29
1395788400 62
1395874800 46
1395961200 45
1396047600 33
1396134000 18
1396216800 18
1396303200 24
1396389600 49
1396476000 82
1396562400 58
1396648800 50
1396735200 41
1396821600 28
1396908000 28
1396994400 54
1397080800 55
1397167200 30
1397253600 68
1397340000 49
1397426400 20
1397512800 25
1397599200 38
1397685600 45
1397772000 45
1397858400 53
1397944800 34
1398031200 24
1398117600 45
1398204000 38
1398290400 64
1398376800 57
1398463200 35
1398549600 25
1398636000 23
1398722400 25
1398808800 41
1398895200 32
1398981600 53
1399068000 46
1399154400 41
1399240800 31
1399327200 36
1399413600 39
1399500000 54
1399586400 45
1399672800 44
1399759200 35
1399845600 25
1399932000 32
1400018400 50
1400104800 62
1400191200 44
1400277600 31
1400364000 47
1400450400 32
1400536800 29
1400623200 69
1400709600 58
1400796000 57
1400882400 36
1400968800 42
1401055200 23
1401141600 32
1401228000 49
1401314400 41
1401400800 55
1401487200 37
1401573600 48
1401660000 32
1401746400 34
1401832800 60
1401919200 40
1402005600 45
1402092000 46
1402178400 36
1402264800 29
1402351200 29
1402437600 39
1402524000 54
1402610400 63
1402696800 41
1402783200 39
1402869600 21
1402956000 35
1403042400 29
1403128800 48
1403215200 34
1403301600 28
1403388000 24
1403474400 30
1403560800 20
1403647200 40
1403733600 43
1403820000 28
1403906400 33
1403992800 20
1404079200 16
1404165600 13
1404252000 42
1404338400 54
1404424800 36
1404511200 17
1404597600 39
1404684000 29
1404770400 13
1404856800 14
1404943200 26
1405029600 29
1405116000 42
1405202400 48
1405288800 34
1405375200 18
1405461600 30
1405548000 41
1405634400 33
1405720800 42
1405807200 44
1405893600 42
1405980000 20
1406066400 45
1406152800 42
1406239200 37
1406325600 43
1406412000 26
1406498400 52
1406584800 22
1406671200 39
1406757600 54
1406844000 36
1406930400 38
1407016800 58
1407103200 26
1407189600 26
1407276000 23
1407362400 38
1407448800 43
1407535200 41
1407621600 64
1407708000 67
1407794400 25
1407880800 26
1407967200 28
1408053600 44
1408140000 43
1408226400 48
1408312800 44
1408399200 16
1408485600 48
1408572000 55
1408658400 34
1408744800 39
1408831200 33
1408917600 33
1409004000 16
1409090400 30
1409176800 26
1409263200 27
1409349600 48
1409436000 45
1409522400 38
1409608800 16
1409695200 27
1409781600 33
1409868000 25
1409954400 35
1410040800 39
1410127200 32
1410213600 30
1410300000 26
1410386400 22
1410472800 38
1410559200 36
1410645600 32
1410732000 23
1410818400 21
1410904800 31
1410991200 39
1411077600 41
1411164000 38
1411250400 46
1411336800 27
1411423200 20
1411509600 33
1411596000 31
1411682400 27
1411768800 40
1411855200 27
1411941600 28
1412028000 33
1412114400 30
1412200800 31
1412287200 38
1412373600 45
1412460000 43
1412546400 31
1412632800 29
1412719200 18
1412805600 48
1412892000 37
1412978400 37
1413064800 30
1413151200 45
1413237600 21
1413324000 53
1413410400 25
1413496800 31
1413583200 45
1413669600 52
1413756000 41
1413842400 14
1413928800 30
1414015200 33
1414101600 24
1414188000 47
1414274400 28
1414364400 29
1414450800 15
1414537200 31
1414623600 41
1414710000 35
1414796400 42
1414882800 30
1414969200 19
1415055600 18
1415142000 27
1415228400 40
1415314800 19
1415401200 39
1415487600 30
1415574000 30
1415660400 19
1415746800 55
1415833200 32
1415919600 23
1416006000 19
1416092400 50
1416178800 21
1416265200 15
1416351600 18
1416438000 36
1416524400 36
1416610800 37
1416697200 59
1416783600 11
1416870000 10
1416956400 25
1417042800 26
1417129200 7
1417215600 18
1417302000 33
1417388400 15
1417474800 15
1417561200 32
1417647600 13
1417734000 19
1417820400 7
1417906800 18
1417993200 8
1418079600 9
1418166000 10
1418252400 23
1418338800 17
1418425200 21
1418511600 30
1418598000 8
1418684400 10
1418770800 14
1418857200 13
1418943600 18
1419030000 16
1419116400 14
1419202800 11
1419289200 9
1419375600 1
1419548400 1
1419634800 4
1419721200 5
1419807600 3
1419894000 8
1419980400 8
