1388617200 2
1388703600 10
1388790000 3
1388876400 2
1388962800 4
1389049200 1
1389135600 7
1389222000 7
1389308400 5
1389394800 8
1389481200 3
1389567600 4
1389654000 6
1389740400 8
1389826800 16
1389913200 5
1389999600 7
1390086000 6
1390172400 5
1390258800 5
1390345200 2
1390431600 3
1390518000 2
1390604400 7
1390690800 9
1390777200 6
1390863600 4
1390950000 4
1391036400 3
1391122800 7
1391209200 5
1391295600 13
1391382000 3
1391468400 1
1391554800 5
1391641200 7
1391727600 16
1391814000 5
1391900400 7
1391986800 5
1392073200 3
1392159600 4
1392246000 9
1392332400 4
1392418800 9
1392505200 4
1392591600 6
1392678000 2
1392764400 5
1392850800 7
1392937200 8
1393023600 4
1393110000 5
1393196400 3
1393282800 6
1393369200 6
1393455600 6
1393542000 3
1393628400 5
1393714800 4
1393801200 8
1393887600 5
1393974000 2
1394060400 5
1394146800 5
1394233200 2
1394319600 5
1394406000 8
1394492400 6
1394578800 4
1394665200 7
1394751600 6
1394838000 5
1394924400 4
1395010800 10
1395097200 2
1395183600 3
1395270000 5
1395356400 5
1395442800 8
1395529200 4
1395615600 4
1395702000 3
1395788400 8
1395874800 8
1395961200 8
1396047600 8
1396134000 5
1396216800 3
1396303200 3
1396389600 6
1396476000 10
1396562400 6
1396648800 3
1396735200 6
1396821600 4
1396908000 8
1396994400 14
1397080800 12
1397167200 2
1397253600 10
1397340000 5
1397426400 2
1397599200 6
1397685600 3
1397772000 5
1397858400 4
1397944800 2
1398031200 2
1398117600 3
1398204000 4
1398290400 5
1398376800 3
1398463200 7
1398549600 3
1398636000 1
1398722400 4
1398808800 3
1398895200 2
1398981600 3
1399068000 12
1399154400 1
1399240800 1
1399327200 3
1399413600 9
1399500000 12
1399586400 5
1399672800 7
1399759200 4
1399845600 3
1399932000 2
1400018400 5
1400104800 10
1400191200 7
1400277600 3
1400364000 7
1400450400 9
1400536800 3
1400623200 5
1400709600 9
1400796000 4
1400882400 5
1400968800 3
1401055200 2
1401141600 3
1401228000 6
1401314400 2
1401400800 1
1401487200 5
1401573600 6
1401660000 4
1401746400 1
1401832800 10
1401919200 2
1402005600 4
1402092000 8
1402178400 8
1402264800 1
1402351200 1
1402524000 4
1402610400 5
1402696800 4
1402783200 4
1402956000 1
1403042400 1
1403128800 15
1403215200 7
1403301600 6
1403474400 3
1403560800 3
1403647200 6
1403733600 2
1403820000 3
1403906400 5
1403992800 4
1404079200 4
1404165600 1
1404252000 4
1404338400 8
1404424800 8
1404511200 1
1404597600 3
1404770400 2
1404856800 6
1404943200 3
1405029600 4
1405116000 10
1405202400 4
1405288800 3
1405375200 2
1405461600 5
1405548000 5
1405634400 2
1405720800 1
1405807200 5
1405893600 3
1405980000 7
1406066400 4
1406152800 4
1406239200 4
1406325600 3
1406412000 1
1406498400 1
1406584800 2
1406671200 5
1406757600 10
1406844000 1
1406930400 3
1407016800 4
1407103200 4
1407189600 2
1407276000 2
1407362400 3
1407448800 11
1407535200 3
1407621600 2
1407708000 2
1407794400 1
1407880800 7
1407967200 4
1408053600 4
1408140000 5
1408226400 7
1408312800 2
1408399200 3
1408485600 6
1408572000 6
1408658400 5
1408744800 2
1409004000 2
1409090400 4
1409176800 5
1409263200 5
1409349600 1
1409436000 4
1409522400 4
1409608800 2
1409695200 2
1409781600 4
1409868000 1
1409954400 8
1410040800 6
1410127200 5
1410213600 1
1410300000 5
1410386400 4
1410472800 5
1410559200 6
1410645600 1
1410732000 3
1410818400 5
1410904800 3
1410991200 1
1411077600 6
1411164000 6
1411250400 3
1411336800 2
1411509600 5
1411596000 3
1411682400 4
1411768800 2
1411855200 2
1411941600 2
1412028000 5
1412200800 5
1412287200 2
1412373600 6
1412460000 8
1412546400 3
1412632800 5
1412719200 3
1412805600 10
1412892000 5
1412978400 4
1413064800 3
1413151200 1
1413237600 3
1413324000 4
1413410400 4
1413496800 1
1413583200 6
1413669600 9
1413756000 5
1413842400 1
1413928800 5
1414015200 6
1414101600 1
1414188000 3
1414274400 4
1414364400 2
1414537200 3
1414623600 4
1414710000 1
1414796400 3
1414882800 3
1414969200 1
1415055600 2
1415142000 4
1415228400 6
1415314800 7
1415401200 4
1415487600 2
1415574000 3
1415746800 3
1415833200 2
1415919600 2
1416006000 3
1416092400 1
1416178800 1
1416265200 4
1416351600 2
1416438000 1
1416524400 4
1416610800 5
1416697200 2
1416783600 2
1416870000 3
1416956400 6
1417042800 1
1417215600 3
1417302000 6
1417388400 3
1417474800 1
1417561200 2
1417647600 2
1417734000 3
1417906800 2
1418079600 4
1418166000 3
1418338800 1
1418425200 2
1418511600 3
1418598000 1
1418684400 1
1418770800 3
1418857200 2
1418943600 2
1419030000 2
1419116400 1
1419202800 2
1419894000 2
1419980400 1
