1230850800 15
1230937200 4
1231023600 2
1231110000 8
1231282800 3
1231369200 5
1231455600 5
1231542000 2
1231628400 6
1231714800 2
1231801200 3
1231887600 5
1231974000 15
1232060400 2
1232146800 4
1232233200 6
1232319600 2
1232406000 4
1232492400 8
1232578800 8
1232665200 5
1232751600 5
1232838000 3
1232924400 1
1233010800 1
1233097200 6
1233183600 7
1233270000 2
1233356400 9
1233442800 11
1233529200 2
1233615600 2
1233702000 1
1233788400 8
1233874800 3
1233961200 1
1234047600 1
1234134000 1
1234220400 1
1234306800 12
1234393200 5
1234479600 8
1234566000 8
1234652400 10
1234738800 4
1234825200 5
1234911600 7
1234998000 1
1235084400 4
1235170800 6
1235257200 5
1235343600 2
1235430000 1
1235516400 6
1235602800 3
1235689200 5
1235775600 11
1235862000 4
1235948400 1
1236121200 4
1236207600 7
1236294000 1
1236380400 2
1236466800 8
1236553200 5
1236639600 4
1236726000 4
1236812400 4
1236898800 2
1236985200 2
1237071600 8
1237158000 1
1237244400 2
1237330800 6
1237417200 4
1237503600 7
1237590000 6
1237676400 8
1237762800 2
1237849200 2
1237935600 5
1238022000 3
1238194800 2
1238281200 3
1238364000 3
1238450400 2
1238536800 6
1238623200 6
1238709600 2
1238796000 4
1238882400 6
1239055200 4
1239141600 2
1239228000 3
1239314400 6
1239400800 1
1239487200 7
1239573600 2
1239746400 2
1239832800 3
1239919200 3
1240005600 2
1240092000 5
1240178400 4
1240264800 2
1240351200 4
1240437600 10
1240524000 1
1240610400 3
1240696800 3
1240783200 1
1240869600 2
1240956000 2
1241042400 5
1241128800 4
1241215200 3
1241301600 9
1241388000 3
1241474400 1
1241560800 1
1241647200 7
1241733600 1
1241820000 5
1241906400 4
1241992800 3
1242079200 4
1242165600 4
1242252000 3
1242338400 4
1242424800 7
1242511200 2
1242597600 1
1242684000 4
1242770400 4
1242856800 2
1242943200 5
1243029600 5
1243116000 1
1243202400 2
1243288800 2
1243375200 3
1243461600 6
1243548000 6
1243634400 4
1243720800 1
1243807200 1
1243893600 2
1243980000 2
1244066400 7
1244152800 5
1244239200 3
1244325600 9
1244412000 3
1244498400 1
1244584800 1
1244671200 3
1244757600 2
1244844000 5
1244930400 3
1245103200 2
1245276000 1
1245362400 1
1245448800 4
1245535200 4
1245621600 1
1245708000 2
1245794400 7
1245880800 5
1245967200 7
1246053600 6
1246140000 2
1246226400 5
1246312800 2
1246399200 4
1246485600 5
1246572000 3
1246658400 3
1246744800 1
1246831200 3
1246917600 1
1247004000 7
1247090400 2
1247176800 5
1247263200 1
1247349600 3
1247522400 1
1247608800 4
1247695200 4
1247781600 1
1247868000 7
1247954400 1
1248040800 3
1248213600 2
1248300000 6
1248472800 4
1248559200 2
1248645600 4
1248732000 1
1248818400 3
1248904800 1
1248991200 3
1249077600 3
1249164000 5
1249250400 1
1249336800 1
1249423200 3
1249509600 11
1249596000 5
1249682400 6
1249768800 1
1249855200 1
1249941600 1
1250114400 3
1250200800 5
1250287200 3
1250373600 3
1250460000 1
1250546400 2
1250632800 3
1250719200 11
1250805600 7
1250892000 3
1250978400 3
1251064800 1
1251237600 3
1251324000 4
1251410400 4
1251496800 1
1251842400 4
1251928800 2
1252015200 6
1252101600 4
1252188000 7
1252274400 1
1252360800 1
1252447200 2
1252620000 2
1252706400 2
1252792800 3
1252879200 2
1252965600 4
1253052000 3
1253138400 9
1253224800 8
1253311200 1
1253397600 3
1253570400 2
1253743200 2
1253829600 2
1253916000 3
1254002400 5
1254175200 1
1254261600 3
1254348000 1
1254434400 3
1254607200 1
1254693600 4
1254780000 5
1254866400 6
1254952800 6
1255039200 3
1255212000 3
1255298400 1
1255557600 5
1255644000 1
1255730400 2
1255816800 2
1255989600 1
1256076000 6
1256162400 4
1256248800 2
1256335200 1
1256421600 1
1256511600 2
1256598000 1
1256684400 6
1256857200 2
1256943600 2
1257030000 1
1257116400 1
1257202800 6
1257289200 5
1257375600 3
1257462000 2
1257548400 4
1257634800 6
1257721200 1
1257807600 3
1257894000 13
1257980400 4
1258066800 2
1258153200 1
1258239600 2
1258326000 1
1258498800 4
1258585200 6
1258671600 2
1258758000 7
1258844400 7
1258930800 3
1259017200 2
1259103600 2
1259190000 2
1259362800 5
1259449200 5
1259535600 2
1259708400 2
1259794800 3
1259881200 1
1259967600 1
1260054000 2
1260140400 1
1260226800 3
1260313200 3
1260486000 2
1260572400 1
1260658800 1
1260745200 2
1260831600 1
1260918000 3
1261004400 3
1261090800 1
1261177200 3
1261522800 4
1261695600 1
1261868400 2
1262127600 2
1262214000 6
