1230850800 74
1230937200 118
1231023600 73
1231110000 44
1231196400 45
1231282800 95
1231369200 128
1231455600 109
1231542000 167
1231628400 107
1231714800 59
1231801200 47
1231887600 143
1231974000 127
1232060400 86
1232146800 113
1232233200 106
1232319600 42
1232406000 53
1232492400 97
1232578800 119
1232665200 135
1232751600 155
1232838000 91
1232924400 48
1233010800 41
1233097200 107
1233183600 75
1233270000 98
1233356400 128
1233442800 108
1233529200 37
1233615600 44
1233702000 74
1233788400 82
1233874800 86
1233961200 121
1234047600 74
1234134000 76
1234220400 52
1234306800 118
1234393200 100
1234479600 123
1234566000 120
1234652400 126
1234738800 81
1234825200 93
1234911600 108
1234998000 101
1235084400 93
1235170800 92
1235257200 95
1235343600 88
1235430000 64
1235516400 75
1235602800 114
1235689200 100
1235775600 58
1235862000 82
1235948400 55
1236034800 40
1236121200 76
1236207600 112
1236294000 76
1236380400 74
1236466800 85
1236553200 52
1236639600 54
1236726000 103
1236812400 129
1236898800 111
1236985200 110
1237071600 128
1237158000 74
1237244400 67
1237330800 94
1237417200 118
1237503600 128
1237590000 133
1237676400 81
1237762800 58
1237849200 84
1237935600 87
1238022000 102
1238108400 59
1238194800 79
1238281200 106
1238364000 54
1238450400 84
1238536800 102
1238623200 68
1238709600 106
1238796000 85
1238882400 63
1238968800 63
1239055200 66
1239141600 88
1239228000 82
1239314400 109
1239400800 78
1239487200 72
1239573600 35
1239660000 61
1239746400 72
1239832800 80
1239919200 78
1240005600 68
1240092000 83
1240178400 49
1240264800 62
1240351200 94
1240437600 70
1240524000 80
1240610400 106
1240696800 51
1240783200 33
1240869600 51
1240956000 87
1241042400 122
1241128800 107
1241215200 87
1241301600 96
1241388000 70
1241474400 68
1241560800 76
1241647200 100
1241733600 104
1241820000 105
1241906400 90
1241992800 78
1242079200 59
1242165600 110
1242252000 86
1242338400 75
1242424800 114
1242511200 85
1242597600 36
1242684000 64
1242770400 132
1242856800 95
1242943200 96
1243029600 101
1243116000 96
1243202400 41
1243288800 63
1243375200 94
1243461600 103
1243548000 87
1243634400 146
1243720800 107
1243807200 49
1243893600 49
1243980000 94
1244066400 85
1244152800 67
1244239200 76
1244325600 83
1244412000 56
1244498400 44
1244584800 84
1244671200 93
1244757600 73
1244844000 91
1244930400 89
1245016800 33
1245103200 55
1245189600 82
1245276000 110
1245362400 77
1245448800 78
1245535200 81
1245621600 41
1245708000 54
1245794400 102
1245880800 110
1245967200 115
1246053600 95
1246140000 85
1246226400 47
1246312800 58
1246399200 127
1246485600 88
1246572000 122
1246658400 85
1246744800 89
1246831200 78
1246917600 61
1247004000 84
1247090400 78
1247176800 92
1247263200 70
1247349600 59
1247436000 18
1247522400 57
1247608800 82
1247695200 73
1247781600 84
1247868000 78
1247954400 71
1248040800 56
1248127200 51
1248213600 82
1248300000 79
1248386400 45
1248472800 67
1248559200 44
1248645600 48
1248732000 39
1248818400 67
1248904800 96
1248991200 96
1249077600 121
1249164000 71
1249250400 68
1249336800 70
1249423200 105
1249509600 85
1249596000 90
1249682400 97
1249768800 89
1249855200 76
1249941600 44
1250028000 96
1250114400 126
1250200800 107
1250287200 121
1250373600 106
1250460000 69
1250546400 39
1250632800 85
1250719200 103
1250805600 117
1250892000 82
1250978400 79
1251064800 114
1251151200 80
1251237600 82
1251324000 101
1251410400 107
1251496800 110
1251583200 103
1251669600 85
1251756000 62
1251842400 94
1251928800 80
1252015200 80
1252101600 125
1252188000 81
1252274400 63
1252360800 66
1252447200 64
1252533600 73
1252620000 92
1252706400 104
1252792800 89
1252879200 115
1252965600 78
1253052000 70
1253138400 107
1253224800 117
1253311200 76
1253397600 109
1253484000 62
1253570400 60
1253656800 88
1253743200 86
1253829600 81
1253916000 87
1254002400 92
1254088800 66
1254175200 80
1254261600 87
1254348000 104
1254434400 62
1254520800 49
1254607200 89
1254693600 59
1254780000 57
1254866400 101
1254952800 89
1255039200 116
1255125600 79
1255212000 63
1255298400 37
1255384800 45
1255471200 75
1255557600 65
1255644000 81
1255730400 70
1255816800 64
1255903200 29
1255989600 49
1256076000 81
1256162400 100
1256248800 69
1256335200 87
1256421600 36
1256511600 37
1256598000 55
1256684400 70
1256770800 49
1256857200 102
1256943600 134
1257030000 101
1257116400 43
1257202800 48
1257289200 58
1257375600 84
1257462000 89
1257548400 82
1257634800 75
1257721200 51
1257807600 50
1257894000 131
1257980400 108
1258066800 96
1258153200 62
1258239600 55
1258326000 43
1258412400 57
1258498800 129
1258585200 162
1258671600 194
1258758000 173
1258844400 117
1258930800 72
1259017200 59
1259103600 101
1259190000 67
1259276400 21
1259362800 108
1259449200 129
1259535600 82
1259622000 33
1259708400 78
1259794800 83
1259881200 95
1259967600 48
1260054000 57
1260140400 37
1260226800 25
1260313200 79
1260399600 65
1260486000 57
1260572400 75
1260658800 82
1260745200 53
1260831600 40
1260918000 98
1261004400 76
1261090800 59
1261177200 64
1261263600 42
1261350000 19
1261436400 37
1261522800 63
1261609200 57
1261695600 21
1261782000 12
1261868400 42
1261954800 38
1262041200 32
1262127600 89
1262214000 101
