1230764400 26
1230850800 48
1230937200 30
1231023600 22
1231110000 38
1231196400 22
1231282800 20
1231369200 30
1231455600 28
1231542000 32
1231628400 20
1231714800 26
1231801200 29
1231887600 34
1231974000 20
1232060400 17
1232146800 28
1232233200 33
1232319600 9
1232406000 30
1232492400 26
1232578800 23
1232665200 73
1232751600 27
1232838000 26
1232924400 36
1233010800 30
1233097200 23
1233183600 37
1233270000 39
1233356400 22
1233442800 6
1233529200 39
1233615600 26
1233702000 20
1233788400 15
1233874800 33
1233961200 36
1234047600 25
1234134000 20
1234220400 35
1234306800 29
1234393200 26
1234479600 29
1234566000 44
1234652400 31
1234738800 47
1234825200 22
1234911600 19
1234998000 27
1235084400 15
1235170800 36
1235257200 19
1235343600 39
1235430000 29
1235516400 36
1235602800 34
1235689200 32
1235775600 29
1235862000 29
1235948400 19
1236034800 18
1236121200 23
1236207600 31
1236294000 26
1236380400 20
1236466800 31
1236553200 19
1236639600 22
1236726000 31
1236812400 28
1236898800 19
1236985200 17
1237071600 33
1237158000 21
1237244400 21
1237330800 36
1237417200 24
1237503600 15
1237590000 14
1237676400 20
1237762800 15
1237849200 30
1237935600 34
1238022000 16
1238108400 28
1238194800 33
1238281200 22
1238364000 23
1238450400 23
1238536800 33
1238623200 32
1238709600 7
1238796000 30
1238882400 19
1238968800 17
1239055200 36
1239141600 34
1239228000 46
1239314400 41
1239400800 13
1239487200 9
1239573600 11
1239660000 46
1239746400 58
1239832800 22
1239919200 35
1240005600 28
1240092000 6
1240178400 8
1240264800 22
1240351200 32
1240437600 29
1240524000 14
1240610400 24
1240696800 26
1240783200 27
1240869600 16
1240956000 27
1241042400 44
1241128800 47
1241215200 24
1241301600 22
1241388000 8
1241474400 20
1241560800 17
1241647200 22
1241733600 21
1241820000 26
1241906400 26
1241992800 18
1242079200 19
1242165600 18
1242252000 29
1242338400 24
1242424800 21
1242511200 5
1242597600 6
1242684000 25
1242770400 27
1242856800 14
1242943200 22
1243029600 44
1243116000 33
1243202400 27
1243288800 33
1243375200 25
1243461600 19
1243548000 31
1243634400 11
1243720800 17
1243807200 23
1243893600 18
1243980000 32
1244066400 8
1244152800 17
1244239200 39
1244325600 10
1244412000 10
1244498400 21
1244584800 41
1244671200 36
1244757600 16
1244844000 3
1244930400 7
1245016800 12
1245103200 21
1245189600 24
1245276000 25
1245362400 34
1245448800 26
1245535200 3
1245621600 9
1245708000 27
1245794400 24
1245880800 22
1245967200 41
1246053600 40
1246140000 18
1246226400 21
1246312800 28
1246399200 22
1246485600 27
1246572000 20
1246658400 34
1246744800 24
1246831200 4
1246917600 44
1247004000 33
1247090400 44
1247176800 24
1247263200 22
1247349600 8
1247436000 9
1247522400 20
1247608800 17
1247695200 29
1247781600 13
1247868000 26
1247954400 19
1248040800 7
1248127200 31
1248213600 57
1248300000 12
1248386400 47
1248472800 32
1248559200 34
1248645600 25
1248732000 8
1248818400 3
1248904800 20
1248991200 24
1249077600 39
1249164000 30
1249250400 12
1249336800 33
1249423200 39
1249509600 33
1249596000 30
1249682400 33
1249768800 28
1249855200 5
1249941600 26
1250028000 24
1250114400 22
1250200800 21
1250287200 36
1250373600 39
1250460000 23
1250546400 14
1250632800 15
1250719200 18
1250805600 17
1250892000 32
1250978400 31
1251064800 28
1251151200 30
1251237600 17
1251324000 42
1251410400 31
1251496800 35
1251583200 35
1251669600 37
1251756000 32
1251842400 27
1251928800 11
1252015200 17
1252101600 36
1252188000 42
1252274400 29
1252360800 27
1252447200 7
1252533600 52
1252620000 71
1252706400 43
1252792800 43
1252879200 29
1252965600 35
1253052000 37
1253138400 40
1253224800 44
1253311200 37
1253397600 45
1253484000 27
1253570400 44
1253656800 22
1253743200 39
1253829600 20
1253916000 48
1254002400 30
1254088800 29
1254175200 24
1254261600 23
1254348000 14
1254434400 32
1254520800 14
1254607200 31
1254693600 7
1254780000 36
1254866400 25
1254952800 18
1255039200 32
1255125600 27
1255212000 31
1255298400 18
1255384800 27
1255471200 44
1255557600 10
1255644000 16
1255730400 18
1255816800 18
1255903200 17
1255989600 11
1256076000 30
1256162400 14
1256248800 30
1256335200 16
1256421600 7
1256511600 4
1256598000 14
1256684400 18
1256770800 25
1256857200 36
1256943600 31
1257030000 25
1257116400 7
1257202800 21
1257289200 29
1257375600 12
1257462000 19
1257548400 25
1257634800 18
1257721200 14
1257807600 29
1257894000 29
1257980400 17
1258066800 22
1258153200 26
1258239600 10
1258326000 21
1258412400 33
1258498800 23
1258585200 19
1258671600 28
1258758000 24
1258844400 3
1258930800 7
1259017200 33
1259103600 46
1259190000 3
1259276400 72
1259362800 46
1259449200 16
1259535600 7
1259622000 11
1259708400 13
1259794800 26
1259881200 20
1259967600 29
1260054000 6
1260140400 7
1260226800 5
1260313200 21
1260399600 15
1260486000 16
1260572400 35
1260658800 19
1260745200 18
1260831600 13
1260918000 17
1261004400 15
1261090800 44
1261177200 37
1261263600 16
1261350000 7
1261436400 20
1261522800 17
1261609200 3
1261695600 2
1261782000 13
1261868400 31
1261954800 3
1262041200 23
1262127600 20
1262214000 21
