1167692400 10
1167778800 12
1167865200 10
1167951600 22
1168038000 22
1168124400 11
1168210800 10
1168297200 15
1168383600 13
1168470000 9
1168556400 18
1168642800 12
1168729200 13
1168815600 7
1168902000 8
1168988400 16
1169074800 11
1169161200 18
1169247600 24
1169334000 15
1169420400 6
1169506800 13
1169593200 15
1169679600 11
1169766000 16
1169852400 17
1169938800 8
1170025200 7
1170111600 7
1170198000 17
1170284400 14
1170370800 22
1170457200 19
1170543600 5
1170630000 1
1170716400 10
1170802800 21
1170889200 17
1170975600 24
1171062000 19
1171148400 25
1171234800 14
1171321200 12
1171407600 13
1171494000 5
1171580400 19
1171666800 16
1171753200 13
1171839600 7
1171926000 23
1172012400 19
1172098800 19
1172185200 12
1172271600 9
1172358000 16
1172444400 5
1172530800 15
1172617200 22
1172703600 19
1172790000 27
1172876400 23
1172962800 19
1173049200 7
1173135600 18
1173222000 15
1173308400 21
1173394800 13
1173481200 17
1173567600 23
1173654000 10
1173740400 20
1173826800 22
1173913200 16
1173999600 21
1174086000 15
1174172400 19
1174258800 7
1174345200 9
1174431600 9
1174518000 32
1174604400 24
1174690800 24
1174777200 19
1174860000 15
1174946400 10
1175032800 16
1175119200 19
1175205600 23
1175292000 17
1175378400 12
1175464800 6
1175551200 10
1175637600 21
1175724000 21
1175810400 21
1175896800 24
1175983200 21
1176069600 10
1176156000 10
1176242400 24
1176328800 27
1176415200 29
1176501600 27
1176588000 29
1176674400 9
1176760800 15
1176847200 15
1176933600 13
1177020000 30
1177106400 23
1177192800 10
1177279200 8
1177365600 15
1177452000 16
1177538400 25
1177624800 21
1177711200 24
1177797600 15
1177884000 13
1177970400 22
1178056800 23
1178143200 29
1178229600 15
1178316000 12
1178402400 11
1178488800 20
1178575200 19
1178661600 16
1178748000 30
1178834400 19
1178920800 17
1179007200 11
1179093600 19
1179180000 19
1179266400 25
1179352800 21
1179439200 32
1179525600 27
1179612000 24
1179698400 11
1179784800 21
1179871200 9
1179957600 23
1180044000 32
1180130400 27
1180216800 12
1180303200 10
1180389600 8
1180476000 12
1180562400 16
1180648800 19
1180735200 18
1180821600 15
1180908000 9
1180994400 9
1181080800 30
1181167200 18
1181253600 14
1181340000 11
1181426400 5
1181512800 13
1181599200 16
1181685600 12
1181772000 20
1181858400 13
1181944800 14
1182031200 18
1182117600 9
1182204000 8
1182290400 17
1182376800 19
1182463200 15
1182549600 15
1182636000 18
1182722400 13
1182808800 16
1182895200 19
1182981600 19
1183068000 10
1183154400 11
1183240800 12
1183327200 9
1183413600 14
1183500000 19
1183586400 25
1183672800 10
1183759200 15
1183845600 16
1183932000 4
1184018400 15
1184104800 25
1184191200 28
1184277600 25
1184364000 10
1184450400 18
1184536800 7
1184623200 8
1184709600 13
1184796000 12
1184882400 8
1184968800 16
1185055200 15
1185141600 4
1185228000 10
1185314400 14
1185400800 19
1185487200 19
1185573600 15
1185660000 11
1185746400 5
1185832800 9
1185919200 13
1186005600 24
1186092000 20
1186178400 14
1186264800 9
1186351200 12
1186437600 12
1186524000 13
1186610400 21
1186696800 18
1186783200 24
1186869600 18
1186956000 25
1187042400 17
1187128800 18
1187215200 32
1187301600 19
1187388000 25
1187474400 21
1187560800 14
1187647200 12
1187733600 12
1187820000 16
1187906400 18
1187992800 29
1188079200 18
1188165600 20
1188252000 19
1188338400 8
1188424800 12
1188511200 24
1188597600 22
1188684000 12
1188770400 14
1188856800 14
1188943200 17
1189029600 24
1189116000 20
1189202400 18
1189288800 24
1189375200 15
1189461600 22
1189548000 14
1189634400 51
1189720800 21
1189807200 30
1189893600 30
1189980000 33
1190066400 22
1190152800 35
1190239200 32
1190325600 31
1190412000 43
1190498400 36
1190584800 29
1190671200 14
1190757600 35
1190844000 53
1190930400 29
1191016800 36
1191103200 28
1191189600 20
1191276000 22
1191362400 34
1191448800 34
1191535200 26
1191621600 35
1191708000 35
1191794400 31
1191880800 25
1191967200 46
1192053600 30
1192140000 25
1192226400 31
1192312800 28
1192399200 17
1192485600 19
1192572000 31
1192658400 34
1192744800 29
1192831200 23
1192917600 20
1193004000 22
1193090400 22
1193176800 34
1193263200 30
1193349600 40
1193436000 27
1193522400 23
1193612400 22
1193698800 15
1193785200 21
1193871600 32
1193958000 22
1194044400 20
1194130800 16
1194217200 14
1194303600 18
1194390000 28
1194476400 40
1194562800 24
1194649200 26
1194735600 27
1194822000 21
1194908400 15
1194994800 31
1195081200 36
1195167600 13
1195254000 18
1195340400 21
1195426800 10
1195513200 9
1195599600 17
1195686000 22
1195772400 5
1195858800 21
1195945200 24
1196031600 13
1196118000 15
1196204400 22
1196290800 30
1196377200 28
1196463600 31
1196550000 23
1196636400 21
1196722800 19
1196809200 11
1196895600 16
1196982000 25
1197068400 24
1197154800 22
1197241200 13
1197327600 17
1197414000 24
1197500400 34
1197586800 10
1197673200 30
1197759600 12
1197846000 8
1197932400 6
1198018800 25
1198105200 25
1198191600 27
1198278000 15
1198364400 19
1198450800 14
1198537200 4
1198623600 1
1198710000 14
1198796400 25
1198882800 19
1198969200 15
1199055600 10
