1167692400 298
1167778800 467
1167865200 494
1167951600 659
1168038000 707
1168124400 653
1168210800 529
1168297200 464
1168383600 500
1168470000 485
1168556400 749
1168642800 805
1168729200 639
1168815600 528
1168902000 561
1168988400 582
1169074800 508
1169161200 631
1169247600 791
1169334000 579
1169420400 500
1169506800 463
1169593200 646
1169679600 671
1169766000 623
1169852400 606
1169938800 624
1170025200 512
1170111600 349
1170198000 514
1170284400 491
1170370800 634
1170457200 586
1170543600 462
1170630000 436
1170716400 311
1170802800 450
1170889200 541
1170975600 556
1171062000 610
1171148400 585
1171234800 518
1171321200 436
1171407600 512
1171494000 322
1171580400 534
1171666800 545
1171753200 475
1171839600 420
1171926000 444
1172012400 557
1172098800 556
1172185200 560
1172271600 457
1172358000 481
1172444400 373
1172530800 285
1172617200 521
1172703600 526
1172790000 519
1172876400 468
1172962800 475
1173049200 373
1173135600 319
1173222000 356
1173308400 431
1173394800 547
1173481200 523
1173567600 507
1173654000 402
1173740400 356
1173826800 449
1173913200 444
1173999600 453
1174086000 236
1174172400 308
1174258800 329
1174345200 284
1174431600 415
1174518000 419
1174604400 568
1174690800 539
1174777200 490
1174860000 416
1174946400 348
1175032800 450
1175119200 419
1175205600 445
1175292000 516
1175378400 555
1175464800 351
1175551200 278
1175637600 426
1175724000 312
1175810400 468
1175896800 551
1175983200 554
1176069600 355
1176156000 300
1176242400 457
1176328800 412
1176415200 438
1176501600 464
1176588000 490
1176674400 362
1176760800 340
1176847200 422
1176933600 455
1177020000 533
1177106400 561
1177192800 466
1177279200 394
1177365600 376
1177452000 468
1177538400 456
1177624800 535
1177711200 455
1177797600 438
1177884000 433
1177970400 393
1178056800 398
1178143200 403
1178229600 434
1178316000 385
1178402400 403
1178488800 339
1178575200 413
1178661600 499
1178748000 516
1178834400 494
1178920800 516
1179007200 449
1179093600 395
1179180000 357
1179266400 403
1179352800 435
1179439200 503
1179525600 445
1179612000 413
1179698400 358
1179784800 350
1179871200 414
1179957600 454
1180044000 482
1180130400 470
1180216800 374
1180303200 351
1180389600 248
1180476000 399
1180562400 493
1180648800 492
1180735200 389
1180821600 336
1180908000 329
1180994400 312
1181080800 532
1181167200 473
1181253600 475
1181340000 477
1181426400 318
1181512800 351
1181599200 255
1181685600 293
1181772000 371
1181858400 389
1181944800 424
1182031200 409
1182117600 278
1182204000 352
1182290400 393
1182376800 396
1182463200 427
1182549600 362
1182636000 382
1182722400 277
1182808800 260
1182895200 322
1182981600 328
1183068000 325
1183154400 377
1183240800 355
1183327200 255
1183413600 262
1183500000 439
1183586400 400
1183672800 349
1183759200 394
1183845600 427
1183932000 267
1184018400 269
1184104800 348
1184191200 390
1184277600 415
1184364000 410
1184450400 387
1184536800 309
1184623200 268
1184709600 354
1184796000 305
1184882400 292
1184968800 412
1185055200 389
1185141600 251
1185228000 264
1185314400 412
1185400800 368
1185487200 369
1185573600 430
1185660000 412
1185746400 348
1185832800 291
1185919200 336
1186005600 409
1186092000 423
1186178400 407
1186264800 393
1186351200 375
1186437600 314
1186524000 341
1186610400 357
1186696800 353
1186783200 465
1186869600 439
1186956000 399
1187042400 315
1187128800 466
1187215200 448
1187301600 466
1187388000 484
1187474400 447
1187560800 374
1187647200 377
1187733600 343
1187820000 446
1187906400 424
1187992800 509
1188079200 407
1188165600 391
1188252000 316
1188338400 352
1188424800 457
1188511200 427
1188597600 385
1188684000 415
1188770400 341
1188856800 205
1188943200 384
1189029600 430
1189116000 425
1189202400 492
1189288800 431
1189375200 344
1189461600 338
1189548000 461
1189634400 484
1189720800 582
1189807200 817
1189893600 819
1189980000 636
1190066400 398
1190152800 459
1190239200 717
1190325600 844
1190412000 731
1190498400 668
1190584800 545
1190671200 432
1190757600 514
1190844000 500
1190930400 592
1191016800 647
1191103200 574
1191189600 575
1191276000 454
1191362400 564
1191448800 596
1191535200 554
1191621600 641
1191708000 517
1191794400 476
1191880800 472
1191967200 558
1192053600 639
1192140000 499
1192226400 553
1192312800 632
1192399200 493
1192485600 451
1192572000 566
1192658400 586
1192744800 484
1192831200 546
1192917600 653
1193004000 508
1193090400 423
1193176800 596
1193263200 583
1193349600 558
1193436000 470
1193522400 536
1193612400 438
1193698800 335
1193785200 524
1193871600 558
1193958000 512
1194044400 637
1194130800 595
1194217200 475
1194303600 356
1194390000 411
1194476400 564
1194562800 504
1194649200 569
1194735600 639
1194822000 438
1194908400 332
1194994800 488
1195081200 539
1195167600 485
1195254000 505
1195340400 555
1195426800 380
1195513200 292
1195599600 513
1195686000 517
1195772400 195
1195858800 381
1195945200 509
1196031600 345
1196118000 255
1196204400 570
1196290800 505
1196377200 471
1196463600 575
1196550000 393
1196636400 276
1196722800 218
1196809200 334
1196895600 439
1196982000 433
1197068400 444
1197154800 510
1197241200 331
1197327600 220
1197414000 389
1197500400 430
1197586800 285
1197673200 435
1197759600 489
1197846000 272
1197932400 214
1198018800 388
1198105200 374
1198191600 381
1198278000 361
1198364400 497
1198450800 322
1198537200 150
1198623600 81
1198710000 312
1198796400 370
1198882800 492
1198969200 448
1199055600 309
