1230850800 14
1230937200 42
1231023600 32
1231110000 23
1231196400 17
1231282800 35
1231369200 50
1231455600 31
1231542000 51
1231628400 29
1231714800 20
1231801200 23
1231887600 29
1231974000 42
1232060400 50
1232146800 34
1232233200 34
1232319600 27
1232406000 19
1232492400 29
1232578800 37
1232665200 39
1232751600 44
1232838000 28
1232924400 12
1233010800 18
1233097200 42
1233183600 36
1233270000 52
1233356400 34
1233442800 40
1233529200 10
1233615600 29
1233702000 42
1233788400 34
1233874800 34
1233961200 38
1234047600 27
1234134000 23
1234220400 22
1234306800 37
1234393200 42
1234479600 39
1234566000 32
1234652400 28
1234738800 13
1234825200 19
1234911600 27
1234998000 30
1235084400 41
1235170800 41
1235257200 46
1235343600 16
1235430000 15
1235516400 49
1235602800 38
1235689200 31
1235775600 34
1235862000 33
1235948400 21
1236034800 8
1236121200 28
1236207600 27
1236294000 32
1236380400 37
1236466800 58
1236553200 26
1236639600 22
1236726000 33
1236812400 58
1236898800 41
1236985200 30
1237071600 30
1237158000 19
1237244400 18
1237330800 34
1237417200 36
1237503600 19
1237590000 33
1237676400 31
1237762800 17
1237849200 35
1237935600 35
1238022000 41
1238108400 19
1238194800 28
1238281200 19
1238364000 12
1238450400 24
1238536800 25
1238623200 42
1238709600 27
1238796000 35
1238882400 32
1238968800 16
1239055200 25
1239141600 51
1239228000 52
1239314400 42
1239400800 33
1239487200 35
1239573600 12
1239660000 14
1239746400 41
1239832800 43
1239919200 30
1240005600 28
1240092000 34
1240178400 21
1240264800 18
1240351200 34
1240437600 41
1240524000 30
1240610400 33
1240696800 19
1240783200 20
1240869600 22
1240956000 30
1241042400 53
1241128800 32
1241215200 22
1241301600 38
1241388000 14
1241474400 21
1241560800 43
1241647200 40
1241733600 30
1241820000 35
1241906400 25
1241992800 19
1242079200 30
1242165600 32
1242252000 47
1242338400 19
1242424800 30
1242511200 37
1242597600 15
1242684000 30
1242770400 34
1242856800 49
1242943200 39
1243029600 37
1243116000 18
1243202400 11
1243288800 13
1243375200 27
1243461600 31
1243548000 19
1243634400 32
1243720800 32
1243807200 7
1243893600 12
1243980000 39
1244066400 25
1244152800 22
1244239200 28
1244325600 35
1244412000 14
1244498400 22
1244584800 25
1244671200 54
1244757600 39
1244844000 34
1244930400 26
1245016800 19
1245103200 8
1245189600 34
1245276000 36
1245362400 26
1245448800 34
1245535200 16
1245621600 12
1245708000 21
1245794400 34
1245880800 25
1245967200 25
1246053600 27
1246140000 17
1246226400 27
1246312800 19
1246399200 25
1246485600 24
1246572000 25
1246658400 33
1246744800 13
1246831200 26
1246917600 17
1247004000 38
1247090400 41
1247176800 38
1247263200 22
1247349600 14
1247436000 14
1247522400 8
1247608800 28
1247695200 25
1247781600 28
1247868000 19
1247954400 23
1248040800 16
1248127200 10
1248213600 36
1248300000 26
1248386400 29
1248472800 35
1248559200 25
1248645600 13
1248732000 17
1248818400 29
1248904800 30
1248991200 31
1249077600 32
1249164000 22
1249250400 17
1249336800 24
1249423200 27
1249509600 22
1249596000 39
1249682400 42
1249768800 24
1249855200 30
1249941600 8
1250028000 15
1250114400 25
1250200800 23
1250287200 27
1250373600 19
1250460000 18
1250546400 21
1250632800 34
1250719200 31
1250805600 13
1250892000 31
1250978400 32
1251064800 29
1251151200 16
1251237600 22
1251324000 23
1251410400 35
1251496800 29
1251583200 23
1251669600 10
1251756000 10
1251842400 27
1251928800 31
1252015200 30
1252101600 39
1252188000 37
1252274400 13
1252360800 16
1252447200 25
1252533600 30
1252620000 27
1252706400 26
1252792800 28
1252879200 14
1252965600 15
1253052000 25
1253138400 35
1253224800 40
1253311200 39
1253397600 33
1253484000 9
1253570400 22
1253656800 33
1253743200 38
1253829600 36
1253916000 26
1254002400 21
1254088800 14
1254175200 14
1254261600 28
1254348000 25
1254434400 38
1254520800 33
1254607200 31
1254693600 16
1254780000 16
1254866400 31
1254952800 26
1255039200 31
1255125600 35
1255212000 31
1255298400 18
1255384800 8
1255471200 28
1255557600 36
1255644000 24
1255730400 20
1255816800 23
1255903200 12
1255989600 11
1256076000 28
1256162400 45
1256248800 30
1256335200 31
1256421600 18
1256511600 13
1256598000 14
1256684400 27
1256770800 17
1256857200 20
1256943600 26
1257030000 23
1257116400 18
1257202800 13
1257289200 16
1257375600 23
1257462000 24
1257548400 30
1257634800 23
1257721200 30
1257807600 9
1257894000 36
1257980400 31
1258066800 23
1258153200 22
1258239600 22
1258326000 10
1258412400 8
1258498800 25
1258585200 20
1258671600 21
1258758000 43
1258844400 20
1258930800 14
1259017200 17
1259103600 25
1259190000 14
1259276400 15
1259362800 21
1259449200 34
1259535600 16
1259622000 14
1259708400 42
1259794800 29
1259881200 29
1259967600 38
1260054000 19
1260140400 11
1260226800 10
1260313200 26
1260399600 23
1260486000 17
1260572400 21
1260658800 33
1260745200 16
1260831600 15
1260918000 17
1261004400 39
1261090800 17
1261177200 29
1261263600 10
1261350000 6
1261436400 7
1261522800 26
1261609200 12
1261695600 4
1261782000 3
1261868400 12
1261954800 11
1262041200 14
1262127600 24
1262214000 23
