1230850800 354
1230937200 622
1231023600 679
1231110000 439
1231196400 344
1231282800 599
1231369200 567
1231455600 720
1231542000 894
1231628400 725
1231714800 369
1231801200 449
1231887600 820
1231974000 767
1232060400 751
1232146800 816
1232233200 848
1232319600 540
1232406000 424
1232492400 725
1232578800 814
1232665200 867
1232751600 981
1232838000 777
1232924400 599
1233010800 511
1233097200 880
1233183600 679
1233270000 811
1233356400 808
1233442800 760
1233529200 545
1233615600 556
1233702000 619
1233788400 656
1233874800 655
1233961200 771
1234047600 734
1234134000 679
1234220400 520
1234306800 864
1234393200 877
1234479600 842
1234566000 834
1234652400 762
1234738800 563
1234825200 559
1234911600 671
1234998000 672
1235084400 778
1235170800 842
1235257200 851
1235343600 567
1235430000 471
1235516400 764
1235602800 854
1235689200 805
1235775600 955
1235862000 774
1235948400 554
1236034800 357
1236121200 542
1236207600 705
1236294000 736
1236380400 883
1236466800 820
1236553200 613
1236639600 629
1236726000 677
1236812400 846
1236898800 731
1236985200 744
1237071600 763
1237158000 556
1237244400 502
1237330800 681
1237417200 809
1237503600 573
1237590000 757
1237676400 732
1237762800 540
1237849200 544
1237935600 733
1238022000 779
1238108400 540
1238194800 760
1238281200 760
1238364000 529
1238450400 452
1238536800 700
1238623200 671
1238709600 731
1238796000 654
1238882400 717
1238968800 431
1239055200 407
1239141600 721
1239228000 751
1239314400 782
1239400800 754
1239487200 594
1239573600 353
1239660000 409
1239746400 570
1239832800 640
1239919200 635
1240005600 683
1240092000 621
1240178400 427
1240264800 390
1240351200 635
1240437600 682
1240524000 756
1240610400 702
1240696800 605
1240783200 403
1240869600 454
1240956000 607
1241042400 770
1241128800 743
1241215200 734
1241301600 774
1241388000 527
1241474400 389
1241560800 621
1241647200 688
1241733600 690
1241820000 735
1241906400 606
1241992800 527
1242079200 468
1242165600 658
1242252000 655
1242338400 621
1242424800 613
1242511200 602
1242597600 383
1242684000 457
1242770400 583
1242856800 671
1242943200 638
1243029600 603
1243116000 627
1243202400 444
1243288800 426
1243375200 581
1243461600 685
1243548000 575
1243634400 698
1243720800 638
1243807200 321
1243893600 337
1243980000 528
1244066400 537
1244152800 401
1244239200 406
1244325600 616
1244412000 403
1244498400 431
1244584800 612
1244671200 730
1244757600 546
1244844000 514
1244930400 502
1245016800 323
1245103200 362
1245189600 680
1245276000 609
1245362400 485
1245448800 569
1245535200 622
1245621600 364
1245708000 339
1245794400 583
1245880800 648
1245967200 584
1246053600 624
1246140000 518
1246226400 433
1246312800 345
1246399200 602
1246485600 611
1246572000 608
1246658400 547
1246744800 458
1246831200 408
1246917600 351
1247004000 592
1247090400 672
1247176800 601
1247263200 661
1247349600 628
1247436000 376
1247522400 320
1247608800 618
1247695200 635
1247781600 622
1247868000 530
1247954400 534
1248040800 410
1248127200 337
1248213600 598
1248300000 615
1248386400 603
1248472800 692
1248559200 642
1248645600 483
1248732000 379
1248818400 540
1248904800 589
1248991200 726
1249077600 630
1249164000 521
1249250400 489
1249336800 361
1249423200 507
1249509600 658
1249596000 690
1249682400 701
1249768800 641
1249855200 578
1249941600 338
1250028000 575
1250114400 647
1250200800 708
1250287200 652
1250373600 599
1250460000 524
1250546400 432
1250632800 515
1250719200 617
1250805600 592
1250892000 625
1250978400 586
1251064800 522
1251151200 429
1251237600 561
1251324000 576
1251410400 619
1251496800 586
1251583200 557
1251669600 443
1251756000 437
1251842400 667
1251928800 577
1252015200 585
1252101600 588
1252188000 568
1252274400 424
1252360800 323
1252447200 509
1252533600 516
1252620000 596
1252706400 574
1252792800 623
1252879200 482
1252965600 418
1253052000 404
1253138400 653
1253224800 647
1253311200 710
1253397600 677
1253484000 477
1253570400 339
1253656800 573
1253743200 622
1253829600 647
1253916000 689
1254002400 712
1254088800 550
1254175200 421
1254261600 560
1254348000 740
1254434400 704
1254520800 742
1254607200 647
1254693600 482
1254780000 431
1254866400 679
1254952800 646
1255039200 618
1255125600 721
1255212000 613
1255298400 459
1255384800 406
1255471200 582
1255557600 599
1255644000 456
1255730400 550
1255816800 569
1255903200 388
1255989600 410
1256076000 582
1256162400 707
1256248800 564
1256335200 637
1256421600 532
1256511600 450
1256598000 362
1256684400 462
1256770800 423
1256857200 550
1256943600 789
1257030000 576
1257116400 471
1257202800 331
1257289200 405
1257375600 447
1257462000 497
1257548400 520
1257634800 620
1257721200 433
1257807600 297
1257894000 655
1257980400 557
1258066800 442
1258153200 519
1258239600 541
1258326000 385
1258412400 298
1258498800 564
1258585200 572
1258671600 555
1258758000 639
1258844400 630
1258930800 357
1259017200 299
1259103600 541
1259190000 492
1259276400 224
1259362800 586
1259449200 630
1259535600 368
1259622000 324
1259708400 429
1259794800 375
1259881200 604
1259967600 595
1260054000 433
1260140400 293
1260226800 255
1260313200 406
1260399600 379
1260486000 397
1260572400 467
1260658800 478
1260745200 269
1260831600 252
1260918000 411
1261004400 365
1261090800 328
1261177200 502
1261263600 308
1261350000 166
1261436400 182
1261522800 357
1261609200 288
1261695600 174
1261782000 100
1261868400 318
1261954800 331
1262041200 283
1262127600 354
1262214000 503
