1388617200 15
1388703600 8
1388790000 7
1388876400 18
1388962800 3
1389049200 10
1389135600 21
1389222000 29
1389308400 22
1389394800 21
1389481200 13
1389567600 11
1389654000 10
1389740400 31
1389826800 24
1389913200 19
1389999600 36
1390086000 23
1390172400 11
1390258800 15
1390345200 7
1390431600 23
1390518000 9
1390604400 18
1390690800 10
1390777200 7
1390863600 8
1390950000 25
1391036400 14
1391122800 19
1391209200 48
1391295600 21
1391382000 24
1391468400 3
1391554800 19
1391641200 9
1391727600 18
1391814000 15
1391900400 18
1391986800 9
1392073200 11
1392159600 36
1392246000 13
1392332400 5
1392418800 11
1392505200 23
1392591600 6
1392678000 18
1392764400 16
1392850800 14
1392937200 17
1393023600 18
1393110000 20
1393196400 13
1393282800 9
1393369200 10
1393455600 8
1393542000 7
1393628400 24
1393714800 14
1393801200 7
1393887600 8
1393974000 8
1394060400 16
1394146800 27
1394233200 21
1394319600 17
1394406000 9
1394492400 16
1394578800 35
1394665200 21
1394751600 17
1394838000 14
1394924400 17
1395010800 2
1395097200 14
1395183600 13
1395270000 13
1395356400 16
1395442800 36
1395529200 18
1395615600 12
1395702000 13
1395788400 21
1395874800 17
1395961200 9
1396047600 17
1396134000 14
1396216800 9
1396303200 5
1396389600 16
1396476000 19
1396562400 39
1396648800 17
1396735200 21
1396821600 22
1396908000 18
1396994400 23
1397080800 28
1397167200 24
1397253600 25
1397340000 18
1397426400 14
1397512800 13
1397599200 22
1397685600 38
1397772000 15
1397858400 15
1397944800 21
1398031200 3
1398117600 23
1398204000 14
1398290400 21
1398376800 21
1398463200 7
1398549600 12
1398636000 17
1398722400 16
1398808800 9
1398895200 11
1398981600 16
1399068000 21
1399154400 16
1399240800 7
1399327200 15
1399413600 24
1399500000 30
1399586400 20
1399672800 23
1399759200 20
1399845600 11
1399932000 12
1400018400 39
1400104800 16
1400191200 25
1400277600 19
1400364000 62
1400450400 33
1400536800 31
1400623200 24
1400709600 8
1400796000 27
1400882400 22
1400968800 35
1401055200 19
1401141600 8
1401228000 26
1401314400 29
1401400800 27
1401487200 24
1401573600 17
1401660000 14
1401746400 10
1401832800 12
1401919200 37
1402005600 23
1402092000 26
1402178400 19
1402264800 10
1402351200 4
1402437600 20
1402524000 34
1402610400 20
1402696800 18
1402783200 20
1402869600 3
1402956000 29
1403042400 22
1403128800 28
1403215200 21
1403301600 6
1403388000 8
1403474400 7
1403560800 7
1403647200 23
1403733600 11
1403820000 12
1403906400 17
1403992800 4
1404079200 13
1404165600 11
1404252000 21
1404338400 19
1404424800 23
1404511200 16
1404597600 8
1404684000 6
1404770400 14
1404856800 8
1404943200 25
1405029600 29
1405116000 29
1405202400 8
1405288800 19
1405375200 5
1405461600 17
1405548000 33
1405634400 19
1405720800 15
1405807200 2
1405893600 15
1405980000 6
1406066400 15
1406152800 13
1406239200 10
1406325600 8
1406412000 7
1406498400 3
1406584800 8
1406671200 7
1406757600 9
1406844000 9
1406930400 7
1407016800 8
1407103200 6
1407189600 8
1407276000 17
1407362400 17
1407448800 8
1407535200 11
1407621600 8
1407708000 3
1407794400 4
1407880800 12
1407967200 12
1408053600 10
1408140000 12
1408226400 5
1408312800 3
1408399200 4
1408485600 17
1408572000 8
1408658400 20
1408744800 9
1408831200 7
1408917600 4
1409004000 8
1409090400 7
1409176800 17
1409263200 11
1409349600 13
1409436000 8
1409522400 16
1409608800 10
1409695200 15
1409781600 19
1409868000 8
1409954400 10
1410040800 10
1410127200 9
1410213600 4
1410300000 8
1410386400 11
1410472800 17
1410559200 14
1410645600 18
1410732000 5
1410818400 14
1410904800 11
1410991200 8
1411077600 10
1411164000 16
1411250400 22
1411336800 13
1411423200 11
1411509600 12
1411596000 13
1411682400 16
1411768800 6
1411855200 9
1411941600 9
1412028000 4
1412114400 17
1412200800 37
1412287200 26
1412373600 10
1412460000 3
1412546400 2
1412632800 6
1412719200 4
1412805600 15
1412892000 14
1412978400 12
1413064800 4
1413151200 12
1413237600 8
1413324000 19
1413410400 5
1413496800 7
1413583200 23
1413669600 15
1413756000 5
1413842400 4
1413928800 17
1414015200 7
1414101600 18
1414188000 13
1414274400 8
1414364400 9
1414450800 2
1414537200 10
1414623600 21
1414710000 8
1414796400 24
1414882800 4
1414969200 2
1415055600 8
1415142000 8
1415228400 18
1415314800 7
1415401200 15
1415487600 1
1415574000 2
1415660400 7
1415746800 12
1415833200 17
1415919600 10
1416006000 6
1416092400 7
1416178800 9
1416265200 11
1416351600 10
1416438000 8
1416524400 8
1416610800 14
1416697200 3
1416783600 2
1416870000 8
1416956400 11
1417042800 7
1417129200 6
1417215600 4
1417302000 20
1417388400 2
1417474800 7
1417561200 4
1417647600 3
1417734000 7
1417906800 4
1417993200 2
1418079600 3
1418252400 6
1418338800 7
1418425200 18
1418511600 5
1418598000 5
1418684400 1
1418770800 6
1418857200 5
1418943600 2
1419030000 7
1419116400 9
1419375600 5
1419721200 2
1419894000 2
1419980400 5
