1388617200 1
1388703600 2
1388790000 3
1388876400 2
1388962800 1
1389135600 5
1389308400 1
1389567600 1
1389654000 1
1389740400 3
1389826800 2
1389999600 2
1390086000 3
1390431600 1
1391036400 1
1391122800 1
1391209200 2
1391641200 2
1391727600 2
1391986800 2
1392159600 1
1392246000 2
1392505200 1
1392591600 4
1392850800 2
1393110000 4
1393455600 1
1393714800 1
1393801200 1
1393887600 1
1394146800 3
1394233200 3
1394319600 1
1394492400 3
1394578800 2
1394751600 4
1394838000 1
1394924400 4
1395010800 1
1395097200 1
1395183600 2
1395356400 2
1395442800 1
1395788400 1
1395874800 1
1395961200 2
1396303200 1
1396648800 2
1396735200 2
1396908000 1
1397080800 1
1397167200 1
1397253600 1
1397599200 2
1397685600 4
1397772000 2
1397858400 1
1397944800 3
1398031200 1
1398204000 2
1398290400 2
1398376800 2
1398549600 1
1398636000 3
1398808800 2
1398895200 1
1398981600 1
1399154400 2
1399240800 1
1399327200 1
1399413600 2
1399500000 4
1399759200 2
1399845600 1
1400018400 4
1400104800 1
1400191200 1
1400277600 1
1400364000 3
1400450400 1
1400623200 3
1400709600 1
1400796000 1
1400882400 1
1401055200 2
1401228000 1
1401314400 4
1401487200 1
1401919200 3
1402005600 2
1402092000 1
1402178400 2
1402264800 1
1402610400 1
1402696800 1
1402783200 1
1402956000 1
1403042400 1
1403128800 1
1403301600 1
1403560800 2
1403733600 1
1403906400 1
1404165600 1
1404252000 1
1404424800 2
1405288800 1
1405548000 1
1405634400 3
1405807200 1
1406152800 3
1406498400 1
1406584800 1
1406671200 1
1406844000 1
1407016800 3
1407276000 1
1407362400 3
1407794400 1
1407967200 1
1408572000 2
1408831200 1
1408917600 2
1409004000 1
1409090400 1
1409263200 1
1410386400 1
1410645600 1
1410991200 1
1411250400 3
1411423200 1
1411768800 1
1411941600 2
1412028000 1
1412114400 1
1412200800 1
1412287200 1
1412373600 1
1412460000 1
1412805600 1
1412892000 1
1412978400 1
1413324000 1
1413842400 1
1414623600 1
1414710000 4
1415055600 1
1415401200 1
1416006000 1
1416265200 1
1416956400 1
1417561200 1
1417993200 1
1418252400 1
1418511600 1
1419030000 1
1419116400 1
1419375600 3
1419980400 1
