1388617200 16
1388703600 9
1388790000 7
1388876400 12
1388962800 8
1389049200 7
1389135600 5
1389222000 2
1389308400 9
1389394800 8
1389481200 10
1389567600 5
1389654000 11
1389740400 4
1389826800 9
1389913200 1
1389999600 12
1390086000 8
1390172400 13
1390258800 8
1390345200 2
1390431600 11
1390518000 3
1390604400 17
1390690800 2
1390777200 6
1390863600 7
1390950000 4
1391036400 6
1391122800 5
1391209200 1
1391295600 12
1391382000 2
1391468400 4
1391554800 4
1391641200 2
1391727600 3
1391814000 9
1391900400 6
1391986800 4
1392073200 5
1392159600 6
1392246000 9
1392332400 1
1392418800 8
1392505200 5
1392591600 9
1392678000 3
1392764400 5
1392850800 8
1392937200 5
1393023600 1
1393110000 6
1393196400 1
1393282800 8
1393369200 5
1393455600 7
1393542000 4
1393628400 2
1393714800 11
1393801200 2
1393887600 1
1394060400 4
1394146800 3
1394233200 7
1394319600 5
1394406000 3
1394492400 4
1394578800 10
1394665200 9
1394751600 6
1394838000 8
1394924400 2
1395010800 4
1395097200 2
1395183600 4
1395270000 7
1395356400 5
1395442800 3
1395529200 3
1395615600 3
1395702000 1
1395788400 2
1395874800 7
1395961200 3
1396047600 14
1396134000 4
1396216800 7
1396303200 1
1396389600 5
1396476000 2
1396562400 15
1396648800 1
1396735200 2
1396821600 5
1396908000 1
1396994400 8
1397080800 2
1397167200 2
1397253600 8
1397340000 5
1397426400 5
1397512800 6
1397599200 2
1397685600 6
1397772000 5
1397858400 10
1397944800 3
1398031200 3
1398117600 4
1398204000 2
1398290400 2
1398463200 6
1398549600 1
1398636000 1
1398722400 2
1398808800 2
1398895200 1
1398981600 1
1399068000 8
1399154400 2
1399240800 4
1399327200 2
1399413600 5
1399500000 4
1399586400 1
1399672800 7
1399759200 1
1399845600 2
1399932000 1
1400018400 9
1400104800 7
1400191200 2
1400277600 4
1400364000 4
1400450400 8
1400536800 3
1400623200 4
1400709600 1
1400796000 8
1400882400 1
1400968800 1
1401055200 1
1401228000 1
1401314400 6
1401400800 1
1401487200 6
1401573600 6
1401660000 2
1401746400 1
1401832800 8
1401919200 2
1402005600 2
1402092000 5
1402178400 5
1402264800 5
1402351200 3
1402437600 5
1402524000 7
1402610400 8
1402696800 3
1402783200 9
1402869600 2
1402956000 2
1403042400 2
1403128800 4
1403215200 1
1403301600 2
1403560800 2
1403647200 9
1403733600 4
1403820000 6
1403906400 3
1403992800 2
1404079200 3
1404165600 2
1404252000 2
1404338400 6
1404424800 1
1404511200 3
1404597600 8
1404684000 5
1404770400 4
1404856800 2
1404943200 7
1405029600 2
1405116000 4
1405202400 3
1405288800 1
1405375200 2
1405461600 6
1405548000 5
1405634400 6
1405720800 3
1405807200 8
1405893600 2
1405980000 5
1406066400 4
1406152800 4
1406239200 7
1406325600 7
1406412000 1
1406498400 4
1406584800 2
1406757600 4
1406844000 5
1406930400 8
1407016800 8
1407103200 12
1407189600 7
1407276000 4
1407362400 2
1407448800 4
1407535200 7
1407621600 9
1407708000 7
1407794400 2
1407880800 6
1407967200 9
1408053600 7
1408140000 8
1408226400 7
1408312800 6
1408399200 2
1408485600 5
1408572000 7
1408658400 6
1408744800 6
1408831200 8
1408917600 12
1409004000 4
1409090400 8
1409176800 3
1409263200 4
1409349600 5
1409436000 7
1409522400 5
1409608800 2
1409695200 6
1409781600 5
1409868000 2
1409954400 5
1410040800 12
1410127200 5
1410213600 5
1410300000 6
1410386400 8
1410472800 5
1410559200 3
1410645600 3
1410732000 5
1410818400 6
1410904800 12
1410991200 4
1411077600 6
1411164000 8
1411250400 10
1411336800 4
1411423200 3
1411509600 2
1411596000 4
1411682400 3
1411768800 8
1411855200 3
1411941600 9
1412028000 4
1412114400 8
1412200800 2
1412287200 3
1412373600 3
1412460000 1
1412546400 5
1412632800 2
1412719200 7
1412805600 5
1412892000 1
1412978400 6
1413064800 9
1413151200 3
1413237600 1
1413324000 4
1413410400 4
1413496800 9
1413583200 6
1413669600 9
1413756000 3
1413842400 2
1413928800 4
1414015200 3
1414101600 7
1414188000 3
1414274400 6
1414364400 6
1414450800 6
1414537200 3
1414623600 2
1414710000 11
1414796400 8
1414882800 4
1414969200 3
1415055600 3
1415142000 4
1415228400 8
1415314800 5
1415401200 12
1415487600 9
1415574000 4
1415660400 7
1415746800 2
1415833200 3
1415919600 8
1416006000 8
1416092400 5
1416178800 8
1416265200 8
1416351600 3
1416438000 3
1416524400 1
1416610800 10
1416697200 9
1416783600 6
1416870000 2
1416956400 4
1417042800 1
1417129200 1
1417215600 6
1417302000 3
1417388400 3
1417474800 3
1417561200 11
1417647600 5
1417734000 6
1417820400 5
1417906800 5
1417993200 8
1418079600 3
1418166000 3
1418252400 2
1418338800 1
1418425200 5
1418511600 5
1418598000 5
1418684400 2
1418857200 1
1418943600 2
1419030000 3
1419202800 1
1419289200 2
1419634800 3
