1388617200 48
1388703600 26
1388790000 22
1388876400 29
1388962800 20
1389049200 12
1389135600 12
1389222000 17
1389308400 34
1389394800 25
1389481200 32
1389567600 11
1389654000 17
1389740400 32
1389826800 29
1389913200 41
1389999600 31
1390086000 29
1390172400 23
1390258800 19
1390345200 6
1390431600 16
1390518000 13
1390604400 31
1390690800 17
1390777200 16
1390863600 13
1390950000 25
1391036400 25
1391122800 25
1391209200 21
1391295600 42
1391382000 15
1391468400 12
1391554800 13
1391641200 13
1391727600 15
1391814000 26
1391900400 32
1391986800 8
1392073200 10
1392159600 14
1392246000 32
1392332400 5
1392418800 31
1392505200 20
1392591600 15
1392678000 14
1392764400 45
1392850800 28
1392937200 28
1393023600 21
1393110000 22
1393196400 17
1393282800 16
1393369200 18
1393455600 16
1393542000 24
1393628400 32
1393714800 28
1393801200 16
1393887600 8
1393974000 12
1394060400 16
1394146800 17
1394233200 32
1394319600 37
1394406000 14
1394492400 15
1394578800 30
1394665200 24
1394751600 25
1394838000 35
1394924400 34
1395010800 18
1395097200 5
1395183600 24
1395270000 16
1395356400 13
1395442800 27
1395529200 35
1395615600 15
1395702000 11
1395788400 11
1395874800 17
1395961200 21
1396047600 61
1396134000 21
1396216800 13
1396303200 5
1396389600 25
1396476000 17
1396562400 25
1396648800 15
1396735200 24
1396821600 9
1396908000 5
1396994400 22
1397080800 42
1397167200 18
1397253600 22
1397340000 19
1397426400 11
1397512800 19
1397599200 10
1397685600 16
1397772000 11
1397858400 26
1397944800 27
1398031200 16
1398117600 7
1398204000 20
1398290400 18
1398376800 7
1398463200 20
1398549600 27
1398636000 19
1398722400 13
1398808800 19
1398895200 10
1398981600 14
1399068000 29
1399154400 14
1399240800 20
1399327200 16
1399413600 20
1399500000 30
1399586400 18
1399672800 21
1399759200 18
1399845600 8
1399932000 6
1400018400 21
1400104800 26
1400191200 21
1400277600 19
1400364000 34
1400450400 15
1400536800 13
1400623200 21
1400709600 23
1400796000 30
1400882400 16
1400968800 18
1401055200 11
1401141600 7
1401228000 12
1401314400 21
1401400800 14
1401487200 29
1401573600 29
1401660000 3
1401746400 1
1401832800 29
1401919200 16
1402005600 18
1402092000 37
1402178400 31
1402264800 14
1402351200 10
1402437600 14
1402524000 40
1402610400 16
1402696800 22
1402783200 18
1402869600 21
1402956000 10
1403042400 10
1403128800 13
1403215200 16
1403301600 14
1403388000 6
1403474400 10
1403560800 8
1403647200 17
1403733600 18
1403820000 17
1403906400 17
1403992800 17
1404079200 6
1404165600 6
1404252000 10
1404338400 25
1404424800 6
1404511200 21
1404597600 23
1404684000 14
1404770400 18
1404856800 12
1404943200 18
1405029600 15
1405116000 16
1405202400 13
1405288800 8
1405375200 4
1405461600 21
1405548000 16
1405634400 21
1405720800 24
1405807200 29
1405893600 15
1405980000 10
1406066400 21
1406152800 25
1406239200 33
1406325600 23
1406412000 23
1406498400 20
1406584800 12
1406671200 15
1406757600 15
1406844000 31
1406930400 24
1407016800 35
1407103200 23
1407189600 20
1407276000 26
1407362400 6
1407448800 11
1407535200 24
1407621600 31
1407708000 18
1407794400 9
1407880800 15
1407967200 26
1408053600 15
1408140000 21
1408226400 40
1408312800 32
1408399200 36
1408485600 18
1408572000 26
1408658400 18
1408744800 24
1408831200 28
1408917600 17
1409004000 9
1409090400 31
1409176800 21
1409263200 29
1409349600 21
1409436000 26
1409522400 14
1409608800 12
1409695200 14
1409781600 15
1409868000 13
1409954400 21
1410040800 26
1410127200 17
1410213600 14
1410300000 23
1410386400 24
1410472800 17
1410559200 26
1410645600 15
1410732000 30
1410818400 10
1410904800 27
1410991200 16
1411077600 25
1411164000 29
1411250400 45
1411336800 19
1411423200 13
1411509600 17
1411596000 20
1411682400 14
1411768800 22
1411855200 21
1411941600 28
1412028000 17
1412114400 19
1412200800 11
1412287200 25
1412373600 19
1412460000 17
1412546400 15
1412632800 9
1412719200 19
1412805600 9
1412892000 21
1412978400 19
1413064800 35
1413151200 15
1413237600 5
1413324000 16
1413410400 8
1413496800 20
1413583200 40
1413669600 72
1413756000 24
1413842400 7
1413928800 15
1414015200 5
1414101600 24
1414188000 34
1414274400 22
1414364400 20
1414450800 14
1414537200 14
1414623600 11
1414710000 23
1414796400 23
1414882800 29
1414969200 28
1415055600 12
1415142000 12
1415228400 12
1415314800 15
1415401200 33
1415487600 32
1415574000 14
1415660400 16
1415746800 21
1415833200 22
1415919600 25
1416006000 22
1416092400 16
1416178800 20
1416265200 15
1416351600 10
1416438000 16
1416524400 8
1416610800 20
1416697200 29
1416783600 15
1416870000 6
1416956400 9
1417042800 9
1417129200 3
1417215600 21
1417302000 17
1417388400 18
1417474800 6
1417561200 21
1417647600 9
1417734000 10
1417820400 9
1417906800 11
1417993200 11
1418079600 9
1418166000 6
1418252400 7
1418338800 13
1418425200 24
1418511600 13
1418598000 6
1418684400 6
1418770800 10
1418857200 6
1418943600 9
1419030000 12
1419116400 11
1419202800 5
1419289200 6
1419375600 4
1419548400 1
1419634800 6
1419721200 6
1419807600 1
1419894000 1
1419980400 5
