1293922800 31
1294009200 24
1294095600 22
1294182000 31
1294268400 47
1294354800 37
1294441200 54
1294527600 65
1294614000 21
1294700400 32
1294786800 24
1294873200 30
1294959600 46
1295046000 41
1295132400 57
1295218800 27
1295305200 40
1295391600 34
1295478000 53
1295564400 45
1295650800 44
1295737200 62
1295823600 23
1295910000 22
1295996400 34
1296082800 30
1296169200 25
1296255600 41
1296342000 25
1296428400 30
1296514800 19
1296601200 15
1296687600 39
1296774000 46
1296860400 49
1296946800 47
1297033200 26
1297119600 20
1297206000 46
1297292400 38
1297378800 53
1297465200 47
1297551600 50
1297638000 29
1297724400 27
1297810800 47
1297897200 35
1297983600 45
1298070000 38
1298156400 31
1298242800 15
1298329200 23
1298415600 48
1298502000 26
1298588400 33
1298674800 38
1298761200 47
1298847600 27
1298934000 22
1299020400 31
1299106800 36
1299193200 39
1299279600 58
1299366000 42
1299452400 21
1299538800 11
1299625200 56
1299711600 30
1299798000 21
1299884400 43
1299970800 64
1300057200 32
1300143600 30
1300230000 40
1300316400 40
1300402800 37
1300489200 28
1300575600 48
1300662000 31
1300748400 20
1300834800 20
1300921200 36
1301007600 36
1301094000 33
1301180400 38
1301263200 24
1301349600 20
1301436000 26
1301522400 38
1301608800 39
1301695200 38
1301781600 40
1301868000 31
1301954400 23
1302040800 32
1302127200 37
1302213600 53
1302300000 50
1302386400 39
1302472800 22
1302559200 24
1302645600 31
1302732000 38
1302818400 60
1302904800 42
1302991200 35
1303077600 17
1303164000 23
1303250400 37
1303336800 46
1303423200 41
1303509600 45
1303596000 27
1303682400 18
1303768800 11
1303855200 39
1303941600 43
1304028000 34
1304114400 36
1304200800 23
1304287200 26
1304373600 21
1304460000 22
1304546400 30
1304632800 38
1304719200 57
1304805600 35
1304892000 17
1304978400 22
1305064800 30
1305151200 54
1305237600 34
1305324000 48
1305410400 27
1305496800 27
1305583200 27
1305669600 22
1305756000 24
1305842400 41
1305928800 43
1306015200 34
1306101600 25
1306188000 16
1306274400 40
1306360800 27
1306447200 30
1306533600 35
1306620000 23
1306706400 23
1306792800 12
1306879200 23
1306965600 31
1307052000 35
1307138400 43
1307224800 39
1307311200 25
1307397600 19
1307484000 38
1307570400 38
1307656800 32
1307743200 39
1307829600 47
1307916000 42
1308002400 28
1308088800 15
1308175200 42
1308261600 39
1308348000 24
1308434400 42
1308520800 20
1308607200 18
1308693600 32
1308780000 30
1308866400 25
1308952800 31
1309039200 58
1309125600 22
1309212000 21
1309298400 32
1309384800 22
1309471200 40
1309557600 39
1309644000 31
1309730400 24
1309816800 21
1309903200 29
1309989600 29
1310076000 36
1310162400 39
1310248800 38
1310335200 17
1310421600 24
1310508000 25
1310594400 22
1310680800 39
1310767200 26
1310853600 43
1310940000 24
1311026400 12
1311112800 23
1311199200 20
1311285600 26
1311372000 29
1311458400 16
1311544800 17
1311631200 21
1311717600 30
1311804000 19
1311890400 38
1311976800 30
1312063200 25
1312149600 28
1312236000 25
1312322400 26
1312408800 25
1312495200 37
1312581600 26
1312668000 22
1312754400 24
1312840800 27
1312927200 29
1313013600 43
1313100000 34
1313186400 39
1313272800 23
1313359200 16
1313445600 19
1313532000 40
1313618400 26
1313704800 27
1313791200 34
1313877600 27
1313964000 18
1314050400 15
1314136800 46
1314223200 42
1314309600 50
1314396000 42
1314482400 7
1314568800 11
1314655200 13
1314741600 16
1314828000 35
1314914400 40
1315000800 34
1315087200 37
1315173600 10
1315260000 25
1315346400 18
1315432800 22
1315519200 20
1315605600 33
1315692000 25
1315778400 13
1315864800 9
1315951200 27
1316037600 35
1316124000 33
1316210400 27
1316296800 30
1316383200 22
1316469600 23
1316556000 27
1316642400 21
1316728800 31
1316815200 20
1316901600 27
1316988000 8
1317074400 17
1317160800 25
1317247200 32
1317333600 39
1317420000 15
1317506400 44
1317592800 16
1317679200 18
1317765600 31
1317852000 42
1317938400 34
1318024800 37
1318111200 48
1318197600 20
1318284000 15
1318370400 30
1318456800 31
1318543200 34
1318629600 19
1318716000 16
1318802400 24
1318888800 6
1318975200 28
1319061600 23
1319148000 37
1319234400 42
1319320800 37
1319407200 25
1319493600 16
1319580000 31
1319666400 34
1319752800 21
1319839200 32
1319925600 29
1320015600 23
1320102000 19
1320188400 49
1320274800 44
1320361200 45
1320447600 46
1320534000 52
1320620400 29
1320706800 21
1320793200 42
1320879600 56
1320966000 43
1321052400 38
1321138800 42
1321225200 17
1321311600 19
1321398000 28
1321484400 31
1321570800 22
1321657200 38
1321743600 39
1321830000 21
1321916400 19
1322002800 13
1322089200 27
1322175600 6
1322262000 34
1322348400 23
1322434800 33
1322521200 17
1322607600 30
1322694000 43
1322780400 30
1322866800 46
1322953200 47
1323039600 23
1323126000 24
1323212400 26
1323298800 20
1323385200 40
1323471600 34
1323558000 28
1323644400 22
1323730800 17
1323817200 36
1323903600 42
1323990000 39
1324076400 48
1324162800 48
1324249200 16
1324335600 14
1324422000 42
1324508400 28
1324594800 29
1324681200 29
1324767600 16
1324854000 4
1324940400 9
1325026800 26
1325113200 31
1325199600 23
1325286000 32
