1293922800 403
1294009200 210
1294095600 169
1294182000 404
1294268400 423
1294354800 470
1294441200 545
1294527600 595
1294614000 332
1294700400 323
1294786800 494
1294873200 494
1294959600 580
1295046000 635
1295132400 647
1295218800 569
1295305200 373
1295391600 383
1295478000 542
1295564400 659
1295650800 581
1295737200 609
1295823600 379
1295910000 249
1295996400 424
1296082800 346
1296169200 371
1296255600 552
1296342000 590
1296428400 394
1296514800 259
1296601200 264
1296687600 408
1296774000 480
1296860400 528
1296946800 535
1297033200 415
1297119600 303
1297206000 389
1297292400 429
1297378800 460
1297465200 649
1297551600 668
1297638000 429
1297724400 294
1297810800 416
1297897200 436
1297983600 453
1298070000 537
1298156400 446
1298242800 384
1298329200 343
1298415600 366
1298502000 394
1298588400 409
1298674800 466
1298761200 570
1298847600 443
1298934000 297
1299020400 367
1299106800 375
1299193200 386
1299279600 582
1299366000 513
1299452400 276
1299538800 231
1299625200 450
1299711600 459
1299798000 336
1299884400 475
1299970800 555
1300057200 393
1300143600 329
1300230000 320
1300316400 469
1300402800 424
1300489200 402
1300575600 532
1300662000 323
1300748400 295
1300834800 431
1300921200 400
1301007600 440
1301094000 566
1301180400 560
1301263200 295
1301349600 343
1301436000 332
1301522400 479
1301608800 365
1301695200 411
1301781600 497
1301868000 318
1301954400 246
1302040800 380
1302127200 373
1302213600 474
1302300000 485
1302386400 518
1302472800 383
1302559200 284
1302645600 363
1302732000 464
1302818400 528
1302904800 528
1302991200 410
1303077600 316
1303164000 274
1303250400 412
1303336800 460
1303423200 457
1303509600 544
1303596000 454
1303682400 332
1303768800 253
1303855200 338
1303941600 367
1304028000 433
1304114400 526
1304200800 437
1304287200 311
1304373600 290
1304460000 327
1304546400 357
1304632800 423
1304719200 586
1304805600 412
1304892000 280
1304978400 320
1305064800 346
1305151200 468
1305237600 461
1305324000 491
1305410400 466
1305496800 283
1305583200 267
1305669600 271
1305756000 382
1305842400 485
1305928800 420
1306015200 390
1306101600 276
1306188000 198
1306274400 324
1306360800 384
1306447200 407
1306533600 413
1306620000 384
1306706400 267
1306792800 222
1306879200 328
1306965600 300
1307052000 413
1307138400 450
1307224800 465
1307311200 309
1307397600 217
1307484000 330
1307570400 392
1307656800 328
1307743200 342
1307829600 378
1307916000 480
1308002400 278
1308088800 246
1308175200 410
1308261600 459
1308348000 402
1308434400 458
1308520800 258
1308607200 286
1308693600 375
1308780000 445
1308866400 452
1308952800 519
1309039200 478
1309125600 302
1309212000 286
1309298400 299
1309384800 277
1309471200 403
1309557600 451
1309644000 522
1309730400 399
1309816800 329
1309903200 421
1309989600 413
1310076000 394
1310162400 431
1310248800 419
1310335200 300
1310421600 394
1310508000 282
1310594400 334
1310680800 427
1310767200 452
1310853600 417
1310940000 266
1311026400 202
1311112800 337
1311199200 296
1311285600 337
1311372000 368
1311458400 395
1311544800 291
1311631200 203
1311717600 327
1311804000 411
1311890400 376
1311976800 322
1312063200 369
1312149600 313
1312236000 220
1312322400 304
1312408800 334
1312495200 414
1312581600 423
1312668000 345
1312754400 314
1312840800 309
1312927200 387
1313013600 478
1313100000 439
1313186400 455
1313272800 374
1313359200 197
1313445600 267
1313532000 361
1313618400 428
1313704800 402
1313791200 351
1313877600 340
1313964000 285
1314050400 216
1314136800 406
1314223200 444
1314309600 427
1314396000 409
1314482400 201
1314568800 104
1314655200 221
1314741600 452
1314828000 532
1314914400 561
1315000800 443
1315087200 403
1315173600 336
1315260000 343
1315346400 206
1315432800 332
1315519200 307
1315605600 326
1315692000 384
1315778400 247
1315864800 255
1315951200 345
1316037600 356
1316124000 335
1316210400 403
1316296800 448
1316383200 342
1316469600 212
1316556000 295
1316642400 310
1316728800 376
1316815200 248
1316901600 402
1316988000 301
1317074400 359
1317160800 350
1317247200 371
1317333600 442
1317420000 352
1317506400 403
1317592800 304
1317679200 267
1317765600 363
1317852000 333
1317938400 431
1318024800 492
1318111200 465
1318197600 327
1318284000 295
1318370400 334
1318456800 337
1318543200 394
1318629600 263
1318716000 308
1318802400 302
1318888800 243
1318975200 473
1319061600 401
1319148000 570
1319234400 673
1319320800 656
1319407200 515
1319493600 285
1319580000 375
1319666400 444
1319752800 393
1319839200 353
1319925600 288
1320015600 295
1320102000 309
1320188400 474
1320274800 455
1320361200 528
1320447600 516
1320534000 514
1320620400 347
1320706800 320
1320793200 439
1320879600 485
1320966000 513
1321052400 477
1321138800 511
1321225200 366
1321311600 274
1321398000 398
1321484400 320
1321570800 299
1321657200 436
1321743600 498
1321830000 380
1321916400 278
1322002800 315
1322089200 361
1322175600 135
1322262000 407
1322348400 537
1322434800 364
1322521200 304
1322607600 363
1322694000 389
1322780400 356
1322866800 379
1322953200 451
1323039600 290
1323126000 295
1323212400 312
1323298800 344
1323385200 466
1323471600 518
1323558000 513
1323644400 244
1323730800 227
1323817200 370
1323903600 389
1323990000 467
1324076400 446
1324162800 410
1324249200 349
1324335600 177
1324422000 410
1324508400 486
1324594800 449
1324681200 383
1324767600 209
1324854000 79
1324940400 195
1325026800 308
1325113200 379
1325199600 346
1325286000 415
