1325372400 27
1325458800 25
1325545200 27
1325631600 38
1325718000 34
1325804400 44
1325890800 43
1325977200 25
1326063600 37
1326150000 31
1326236400 30
1326322800 63
1326409200 62
1326495600 87
1326582000 34
1326668400 41
1326754800 25
1326841200 33
1326927600 48
1327014000 64
1327100400 69
1327186800 46
1327273200 44
1327359600 36
1327446000 77
1327532400 67
1327618800 53
1327705200 91
1327791600 45
1327878000 23
1327964400 21
1328050800 46
1328137200 61
1328223600 50
1328310000 63
1328396400 25
1328482800 42
1328569200 30
1328655600 28
1328742000 31
1328828400 52
1328914800 62
1329001200 41
1329087600 30
1329174000 29
1329260400 41
1329346800 27
1329433200 59
1329519600 70
1329606000 57
1329692400 59
1329778800 86
1329865200 78
1329951600 63
1330038000 56
1330124400 62
1330210800 71
1330297200 29
1330383600 70
1330470000 59
1330556400 46
1330642800 69
1330729200 58
1330815600 44
1330902000 33
1330988400 51
1331074800 76
1331161200 56
1331247600 29
1331334000 46
1331420400 45
1331506800 35
1331593200 54
1331679600 56
1331766000 51
1331852400 37
1331938800 48
1332025200 40
1332111600 53
1332198000 47
1332284400 32
1332370800 54
1332457200 49
1332543600 46
1332630000 20
1332712800 26
1332799200 48
1332885600 38
1332972000 45
1333058400 27
1333144800 26
1333231200 32
1333317600 15
1333404000 31
1333490400 44
1333576800 36
1333663200 53
1333749600 63
1333836000 20
1333922400 25
1334008800 29
1334095200 41
1334181600 32
1334268000 39
1334354400 30
1334440800 25
1334527200 24
1334613600 22
1334700000 51
1334786400 42
1334872800 34
1334959200 39
1335045600 15
1335132000 24
1335218400 20
1335304800 33
1335391200 32
1335477600 44
1335564000 32
1335650400 20
1335736800 7
1335823200 20
1335909600 23
1335996000 20
1336082400 28
1336168800 28
1336255200 9
1336341600 12
1336428000 15
1336514400 22
1336600800 25
1336687200 30
1336773600 31
1336860000 11
1336946400 11
1337032800 10
1337119200 11
1337205600 33
1337292000 34
1337378400 32
1337464800 15
1337551200 5
1337637600 10
1337724000 15
1337810400 25
1337896800 23
1337983200 25
1338069600 12
1338156000 9
1338242400 6
1338328800 24
1338415200 32
1338501600 30
1338588000 18
1338674400 15
1338760800 7
1338847200 26
1338933600 22
1339020000 23
1339106400 21
1339192800 19
1339279200 12
1339365600 13
1339452000 17
1339538400 18
1339624800 25
1339711200 27
1339797600 22
1339884000 5
1339970400 8
1340056800 7
1340143200 22
1340229600 13
1340316000 22
1340402400 31
1340488800 9
1340575200 10
1340661600 24
1340748000 9
1340834400 21
1340920800 19
1341007200 30
1341093600 12
1341180000 19
1341266400 17
1341352800 18
1341439200 15
1341525600 17
1341612000 30
1341698400 24
1341784800 7
1341871200 26
1341957600 23
1342044000 30
1342130400 35
1342216800 24
1342303200 17
1342389600 15
1342476000 25
1342562400 13
1342648800 24
1342735200 37
1342821600 40
1342908000 39
1342994400 20
1343080800 14
1343167200 20
1343253600 30
1343340000 28
1343426400 28
1343512800 30
1343599200 15
1343685600 15
1343772000 20
1343858400 20
1343944800 12
1344031200 12
1344117600 6
1344204000 10
1344290400 13
1344376800 23
1344463200 11
1344549600 10
1344636000 16
1344722400 7
1344808800 7
1344895200 30
1344981600 18
1345068000 24
1345154400 11
1345240800 27
1345327200 14
1345500000 17
1345586400 5
1345672800 20
1345759200 9
1345845600 20
1345932000 11
1346018400 8
1346104800 6
1346191200 17
1346277600 17
1346364000 8
1346450400 27
1346536800 21
1346623200 9
1346709600 8
1346796000 12
1346882400 16
1346968800 20
1347055200 14
1347141600 7
1347228000 12
1347314400 13
1347400800 37
1347487200 23
1347573600 43
1347660000 33
1347746400 27
1347832800 11
1347919200 20
1348005600 23
1348092000 25
1348178400 27
1348264800 40
1348351200 28
1348437600 29
1348524000 18
1348610400 57
1348696800 28
1348783200 30
1348869600 31
1348956000 14
1349042400 22
1349128800 24
1349215200 21
1349301600 17
1349388000 25
1349474400 36
1349560800 19
1349647200 7
1349733600 29
1349820000 13
1349906400 22
1349992800 17
1350079200 23
1350165600 24
1350252000 20
1350338400 14
1350424800 43
1350511200 10
1350597600 31
1350684000 40
1350770400 10
1350856800 24
1350943200 20
1351029600 16
1351116000 18
1351202400 24
1351288800 15
1351375200 8
1351551600 5
1351638000 22
1351724400 14
1351810800 9
1351897200 18
1351983600 9
1352070000 1
1352156400 5
1352242800 9
1352329200 12
1352415600 21
1352502000 40
1352588400 22
1352674800 12
1352761200 16
1352847600 12
1352934000 14
1353020400 31
1353106800 20
1353193200 9
1353279600 10
1353366000 7
1353452400 23
1353538800 12
1353625200 11
1353711600 25
1353798000 20
1353884400 5
1353970800 20
1354057200 17
1354143600 14
1354230000 22
1354316400 34
1354402800 10
1354489200 5
1354575600 10
1354662000 13
1354748400 13
1354834800 7
1354921200 19
1355007600 4
1355094000 6
1355180400 12
1355266800 17
1355353200 11
1355439600 15
1355526000 16
1355612400 18
1355698800 5
1355785200 13
1355871600 10
1355958000 10
1356044400 14
1356130800 11
1356217200 16
1356303600 3
1356390000 1
1356476400 13
1356562800 18
1356649200 27
1356735600 23
1356822000 23
1356908400 15
