1167606000 37
1167692400 33
1167778800 27
1167865200 37
1167951600 50
1168038000 33
1168124400 44
1168210800 37
1168297200 67
1168383600 47
1168470000 42
1168556400 43
1168642800 40
1168729200 18
1168815600 35
1168902000 45
1168988400 52
1169074800 37
1169161200 28
1169247600 35
1169334000 49
1169420400 52
1169506800 73
1169593200 53
1169679600 37
1169766000 29
1169852400 32
1169938800 23
1170025200 24
1170111600 28
1170198000 40
1170284400 41
1170370800 48
1170457200 23
1170543600 24
1170630000 32
1170716400 27
1170802800 38
1170889200 29
1170975600 30
1171062000 25
1171148400 22
1171234800 49
1171321200 51
1171407600 20
1171494000 18
1171580400 16
1171666800 15
1171753200 27
1171839600 22
1171926000 33
1172012400 26
1172098800 43
1172185200 32
1172271600 26
1172358000 25
1172444400 29
1172530800 34
1172617200 40
1172703600 33
1172790000 21
1172876400 24
1172962800 16
1173049200 15
1173135600 11
1173222000 29
1173308400 32
1173394800 21
1173481200 23
1173567600 20
1173654000 25
1173740400 33
1173826800 27
1173913200 37
1173999600 32
1174086000 20
1174172400 23
1174258800 15
1174345200 27
1174431600 32
1174518000 14
1174604400 31
1174690800 15
1174777200 18
1174860000 25
1174946400 27
1175032800 29
1175119200 15
1175205600 23
1175292000 26
1175378400 16
1175464800 13
1175551200 33
1175637600 28
1175724000 16
1175810400 28
1175896800 15
1175983200 33
1176069600 42
1176156000 17
1176242400 30
1176328800 25
1176415200 31
1176501600 16
1176588000 12
1176674400 21
1176760800 17
1176847200 33
1176933600 22
1177020000 21
1177106400 24
1177192800 15
1177279200 24
1177365600 41
1177452000 28
1177538400 25
1177624800 22
1177711200 11
1177797600 14
1177884000 19
1177970400 28
1178056800 28
1178143200 43
1178229600 22
1178316000 33
1178402400 19
1178488800 17
1178575200 38
1178661600 35
1178748000 21
1178834400 18
1178920800 13
1179007200 18
1179093600 33
1179180000 25
1179266400 30
1179352800 27
1179439200 16
1179525600 13
1179612000 17
1179698400 15
1179784800 17
1179871200 13
1179957600 16
1180044000 14
1180130400 20
1180216800 16
1180303200 12
1180389600 16
1180476000 28
1180562400 22
1180648800 30
1180735200 11
1180821600 13
1180908000 18
1180994400 41
1181080800 23
1181167200 27
1181253600 18
1181340000 12
1181426400 20
1181512800 7
1181599200 25
1181685600 28
1181772000 17
1181858400 25
1181944800 14
1182031200 14
1182117600 13
1182204000 29
1182290400 18
1182376800 26
1182463200 12
1182549600 36
1182636000 12
1182722400 15
1182808800 18
1182895200 22
1182981600 27
1183068000 23
1183154400 23
1183240800 17
1183327200 14
1183413600 11
1183500000 8
1183586400 37
1183672800 25
1183759200 44
1183845600 18
1183932000 22
1184018400 36
1184104800 29
1184191200 47
1184277600 11
1184364000 35
1184450400 24
1184536800 15
1184623200 19
1184709600 22
1184796000 17
1184882400 27
1184968800 24
1185055200 14
1185141600 18
1185228000 24
1185314400 12
1185400800 21
1185487200 30
1185573600 29
1185660000 27
1185746400 30
1185832800 13
1185919200 23
1186005600 11
1186092000 34
1186178400 44
1186264800 34
1186351200 16
1186437600 31
1186524000 16
1186610400 29
1186696800 26
1186783200 41
1186869600 29
1186956000 27
1187042400 52
1187128800 31
1187215200 45
1187301600 20
1187388000 13
1187474400 13
1187560800 30
1187647200 35
1187733600 47
1187820000 39
1187906400 39
1187992800 22
1188079200 6
1188165600 29
1188252000 24
1188338400 22
1188424800 29
1188511200 19
1188597600 21
1188684000 24
1188770400 17
1188856800 39
1188943200 37
1189029600 41
1189116000 16
1189202400 24
1189288800 30
1189375200 17
1189461600 31
1189548000 30
1189634400 39
1189720800 37
1189807200 31
1189893600 35
1189980000 30
1190066400 49
1190152800 25
1190239200 27
1190325600 20
1190412000 24
1190498400 28
1190584800 9
1190671200 15
1190757600 38
1190844000 56
1190930400 31
1191016800 29
1191103200 16
1191189600 15
1191276000 45
1191362400 39
1191448800 41
1191535200 30
1191621600 48
1191708000 27
1191794400 15
1191880800 37
1191967200 28
1192053600 27
1192140000 41
1192226400 38
1192312800 27
1192399200 13
1192485600 48
1192572000 44
1192658400 33
1192744800 39
1192831200 57
1192917600 44
1193004000 23
1193090400 41
1193176800 37
1193263200 42
1193349600 30
1193436000 17
1193522400 15
1193612400 23
1193698800 29
1193785200 19
1193871600 20
1193958000 29
1194044400 25
1194130800 16
1194217200 24
1194303600 33
1194390000 32
1194476400 23
1194562800 30
1194649200 40
1194735600 7
1194822000 10
1194908400 24
1194994800 32
1195081200 23
1195167600 33
1195254000 26
1195340400 26
1195426800 24
1195513200 23
1195599600 34
1195686000 8
1195772400 40
1195858800 18
1195945200 21
1196031600 30
1196118000 36
1196204400 35
1196290800 35
1196377200 32
1196463600 23
1196550000 21
1196636400 7
1196722800 23
1196809200 19
1196895600 23
1196982000 22
1197068400 27
1197154800 24
1197241200 19
1197327600 19
1197414000 9
1197500400 26
1197586800 41
1197673200 18
1197759600 8
1197846000 10
1197932400 21
1198018800 17
1198105200 12
1198191600 20
1198278000 22
1198364400 25
1198450800 9
1198537200 4
1198623600 26
1198710000 31
1198796400 13
1198882800 16
1198969200 14
1199055600 11
