1357081200 23
1357167600 50
1357254000 46
1357340400 60
1357426800 53
1357513200 14
1357599600 19
1357686000 61
1357772400 43
1357858800 61
1357945200 57
1358031600 50
1358118000 56
1358204400 25
1358290800 39
1358377200 61
1358463600 95
1358550000 50
1358636400 44
1358722800 60
1358809200 40
1358895600 52
1358982000 70
1359068400 75
1359154800 41
1359241200 48
1359327600 36
1359414000 27
1359500400 42
1359586800 77
1359673200 76
1359759600 58
1359846000 52
1359932400 19
1360018800 18
1360105200 50
1360191600 53
1360278000 59
1360364400 23
1360450800 20
1360537200 32
1360623600 30
1360710000 53
1360796400 49
1360882800 63
1360969200 40
1361055600 38
1361142000 32
1361228400 26
1361314800 57
1361401200 51
1361487600 48
1361574000 52
1361660400 55
1361746800 25
1361833200 23
1361919600 55
1362006000 44
1362092400 52
1362178800 44
1362265200 32
1362351600 23
1362438000 20
1362524400 32
1362610800 29
1362697200 44
1362783600 34
1362870000 63
1362956400 35
1363042800 26
1363129200 38
1363215600 43
1363302000 57
1363388400 24
1363474800 41
1363561200 6
1363647600 24
1363734000 20
1363820400 38
1363906800 28
1363993200 33
1364079600 38
1364166000 37
1364252400 8
1364338800 33
1364425200 32
1364511600 34
1364598000 26
1364684400 26
1364767200 10
1364853600 8
1364940000 28
1365026400 29
1365112800 39
1365199200 34
1365285600 26
1365372000 22
1365458400 21
1365544800 39
1365631200 47
1365717600 51
1365804000 32
1365890400 39
1365976800 29
1366063200 10
1366149600 37
1366236000 49
1366322400 29
1366408800 38
1366495200 24
1366581600 21
1366668000 19
1366754400 24
1366840800 32
1366927200 43
1367013600 30
1367100000 14
1367186400 11
1367272800 29
1367359200 25
1367445600 22
1367532000 19
1367618400 37
1367704800 33
1367791200 14
1367877600 12
1367964000 32
1368050400 16
1368136800 19
1368223200 22
1368309600 18
1368396000 11
1368482400 13
1368568800 13
1368655200 50
1368741600 44
1368828000 33
1368914400 28
1369000800 7
1369087200 14
1369173600 37
1369260000 28
1369346400 34
1369432800 21
1369519200 23
1369605600 33
1369692000 29
1369778400 42
1369864800 45
1369951200 48
1370037600 39
1370124000 23
1370210400 13
1370296800 3
1370383200 32
1370469600 29
1370556000 32
1370642400 26
1370728800 40
1370815200 16
1370901600 2
1370988000 39
1371074400 27
1371160800 25
1371247200 41
1371333600 24
1371420000 19
1371506400 15
1371592800 26
1371679200 41
1371765600 33
1371852000 31
1371938400 35
1372024800 19
1372111200 21
1372197600 20
1372284000 36
1372370400 18
1372456800 20
1372543200 20
1372629600 29
1372716000 16
1372802400 25
1372888800 17
1372975200 22
1373061600 22
1373148000 32
1373234400 16
1373320800 35
1373407200 51
1373493600 49
1373580000 29
1373666400 30
1373752800 33
1373839200 13
1373925600 13
1374012000 29
1374098400 28
1374184800 20
1374271200 22
1374357600 19
1374444000 20
1374530400 10
1374616800 42
1374703200 30
1374789600 25
1374876000 25
1374962400 26
1375048800 6
1375135200 12
1375221600 12
1375308000 13
1375394400 12
1375480800 18
1375567200 20
1375653600 12
1375740000 5
1375826400 11
1375912800 15
1375999200 20
1376085600 32
1376172000 22
1376258400 17
1376344800 9
1376431200 13
1376517600 6
1376604000 19
1376690400 17
1376776800 9
1376863200 7
1376949600 6
1377036000 24
1377122400 21
1377208800 11
1377295200 21
1377381600 5
1377468000 2
1377554400 8
1377640800 11
1377727200 22
1377813600 12
1377900000 9
1377986400 2
1378072800 2
1378159200 6
1378245600 9
1378332000 9
1378418400 19
1378504800 5
1378591200 9
1378677600 5
1378764000 7
1378850400 7
1378936800 8
1379023200 7
1379109600 7
1379196000 20
1379282400 13
1379368800 7
1379455200 21
1379541600 16
1379628000 19
1379714400 8
1379800800 9
1379887200 1
1379973600 3
1380060000 8
1380146400 11
1380232800 4
1380319200 11
1380405600 9
1380492000 3
1380578400 1
1380664800 11
1380751200 21
1380837600 5
1380924000 4
1381010400 9
1381183200 5
1381269600 10
1381356000 14
1381442400 18
1381528800 17
1381615200 6
1381701600 9
1381788000 8
1381874400 7
1381960800 19
1382047200 18
1382133600 12
1382220000 11
1382306400 5
1382392800 4
1382479200 13
1382565600 11
1382652000 14
1382738400 10
1382824800 6
1382914800 2
1383001200 17
1383087600 17
1383174000 11
1383260400 18
1383346800 19
1383433200 6
1383519600 9
1383606000 9
1383692400 8
1383778800 21
1383865200 12
1383951600 24
1384038000 6
1384124400 5
1384210800 7
1384297200 13
1384383600 11
1384470000 6
1384556400 14
1384642800 6
1384729200 11
1384815600 25
1384902000 7
1384988400 21
1385074800 18
1385161200 7
1385247600 15
1385334000 5
1385420400 19
1385506800 10
1385593200 14
1385679600 3
1385766000 8
1385852400 13
1385938800 12
1386025200 10
1386111600 15
1386198000 26
1386284400 29
1386370800 15
1386457200 7
1386543600 7
1386630000 8
1386716400 11
1386802800 18
1386889200 18
1386975600 15
1387062000 8
1387148400 2
1387234800 9
1387321200 2
1387407600 19
1387494000 8
1387580400 7
1387666800 9
1387753200 8
1387839600 8
1388012400 4
1388098800 11
1388185200 18
1388271600 11
1388358000 2
1388444400 12
