1357081200 2
1357167600 7
1357254000 3
1357426800 1
1357686000 4
1357772400 4
1357858800 5
1357945200 10
1358031600 2
1358290800 3
1358377200 4
1358550000 3
1358636400 3
1358809200 1
1358895600 1
1358982000 1
1359068400 2
1359154800 2
1359586800 2
1359673200 5
1359759600 2
1359846000 2
1359932400 1
1360018800 1
1360105200 4
1360191600 5
1360278000 5
1360450800 1
1360537200 1
1360623600 1
1360710000 9
1360796400 5
1360882800 6
1360969200 1
1361055600 1
1361142000 2
1361314800 1
1361401200 4
1361660400 4
1361919600 3
1362006000 4
1362092400 1
1362265200 1
1362438000 1
1362524400 3
1362610800 1
1362697200 6
1362783600 1
1362870000 1
1363042800 4
1363129200 2
1363215600 1
1363302000 3
1363388400 1
1363734000 6
1363820400 5
1363993200 2
1364079600 4
1364166000 2
1364338800 1
1364511600 1
1364598000 2
1364684400 2
1364940000 5
1365112800 2
1365458400 1
1365631200 4
1365717600 3
1365804000 1
1366149600 1
1366236000 9
1366322400 4
1366408800 1
1366495200 3
1366581600 2
1366754400 1
1366840800 1
1366927200 1
1367013600 4
1367186400 1
1367618400 8
1367704800 1
1367964000 2
1368050400 2
1368136800 2
1368223200 2
1368309600 1
1368396000 6
1368741600 3
1368828000 2
1369173600 1
1369346400 1
1369432800 3
1369605600 2
1369778400 3
1369864800 1
1370037600 1
1370124000 1
1370210400 2
1370383200 2
1370469600 2
1370556000 2
1370642400 1
1370728800 3
1371074400 1
1371160800 5
1371247200 1
1371333600 1
1371506400 1
1371592800 2
1371679200 3
1371765600 4
1371852000 4
1372024800 1
1372111200 1
1372197600 5
1372284000 2
1372370400 1
1372802400 2
1372888800 4
1372975200 4
1373061600 1
1373148000 2
1373320800 3
1373407200 1
1373493600 3
1373580000 1
1373752800 1
1374012000 1
1374098400 7
1374357600 2
1374444000 3
1374616800 1
1374703200 2
1374789600 2
1374962400 2
1375135200 1
1375221600 4
1375480800 1
1375567200 3
1375653600 4
1375826400 1
1375912800 2
1376085600 4
1376258400 4
1376431200 2
1376604000 1
1376690400 2
1376776800 2
1376863200 3
1376949600 1
1377036000 1
1377122400 2
1377295200 4
1377381600 1
1377727200 3
1377813600 1
1377900000 1
1378072800 1
1378332000 1
1378504800 2
1378591200 1
1378677600 1
1378850400 1
1378936800 2
1379196000 3
1379282400 1
1379541600 3
1379628000 3
1379714400 1
1379800800 3
1380232800 1
1380664800 2
1380751200 3
1380837600 2
1381010400 1
1381269600 1
1381528800 4
1381701600 1
1381788000 3
1381874400 2
1381960800 3
1382133600 1
1382392800 1
1382479200 1
1382652000 2
1382738400 2
1382914800 1
1383001200 4
1383174000 1
1383260400 4
1383346800 1
1383433200 1
1383606000 1
1383692400 1
1383865200 1
1384038000 1
1384297200 1
1384383600 4
1384556400 2
1384988400 3
1385074800 3
1385334000 2
1385506800 1
1385593200 2
1385852400 2
1386111600 2
1386284400 1
1386370800 2
1386543600 3
1386716400 1
1386802800 2
1386889200 3
1387234800 5
1387407600 4
1388012400 1
1388185200 1
1388271600 1
1388444400 1
