1262386800 1395
1262473200 1303
1262559600 1037
1262646000 806
1262732400 1479
1262818800 1788
1262905200 2056
1262991600 2084
1263078000 1907
1263164400 1206
1263250800 1134
1263337200 1867
1263423600 1955
1263510000 2373
1263596400 2488
1263682800 2125
1263769200 1319
1263855600 1433
1263942000 2147
1264028400 2100
1264114800 2330
1264201200 2561
1264287600 2264
1264374000 1203
1264460400 1106
1264546800 1915
1264633200 2101
1264719600 1949
1264806000 1824
1264892400 1915
1264978800 1337
1265065200 1261
1265151600 1651
1265238000 1973
1265324400 1986
1265410800 2262
1265497200 1888
1265583600 954
1265670000 1153
1265756400 1866
1265842800 878
1265929200 1735
1266015600 2238
1266102000 1793
1266188400 1113
1266274800 1223
1266361200 1328
1266447600 1773
1266534000 2133
1266620400 2195
1266706800 2262
1266793200 1393
1266879600 1161
1266966000 1494
1267052400 2293
1267138800 1364
1267225200 1494
1267311600 2084
1267398000 1437
1267484400 1224
1267570800 1815
1267657200 1875
1267743600 1971
1267830000 2010
1267916400 1924
1268002800 1259
1268089200 1139
1268175600 1753
1268262000 1980
1268348400 1858
1268434800 1830
1268521200 1153
1268607600 901
1268694000 1058
1268780400 1685
1268866800 1693
1268953200 1688
1269039600 1861
1269126000 1877
1269212400 1266
1269298800 700
1269385200 1510
1269471600 1882
1269558000 1916
1269644400 1702
1269730800 1829
1269813600 1072
1269900000 809
1269986400 1194
1270072800 1967
1270159200 1851
1270245600 2024
1270332000 1909
1270418400 1089
1270504800 977
1270591200 1761
1270677600 2077
1270764000 2189
1270850400 2286
1270936800 2162
1271023200 1610
1271109600 1334
1271196000 1814
1271282400 2097
1271368800 2256
1271455200 2382
1271541600 2515
1271628000 1714
1271714400 1475
1271800800 2294
1271887200 2320
1271973600 2556
1272060000 2613
1272146400 2438
1272232800 1423
1272319200 1071
1272405600 2226
1272492000 2478
1272578400 2641
1272664800 3058
1272751200 2309
1272837600 1611
1272924000 1227
1273010400 2023
1273096800 2225
1273183200 2504
1273269600 2827
1273356000 2386
1273442400 1616
1273528800 1440
1273615200 2063
1273701600 1920
1273788000 2406
1273874400 2479
1273960800 2213
1274047200 1459
1274133600 1462
1274220000 1364
1274306400 2229
1274392800 2304
1274479200 2351
1274565600 2215
1274652000 1569
1274738400 1372
1274824800 1925
1274911200 2070
1274997600 2226
1275084000 2637
1275170400 2163
1275256800 1501
1275343200 933
1275429600 1525
1275516000 1685
1275602400 1774
1275688800 2081
1275775200 1773
1275861600 1173
1275948000 1005
1276034400 1717
1276120800 1659
1276207200 1886
1276293600 2034
1276380000 1835
1276466400 1390
1276552800 1042
1276639200 1734
1276725600 1965
1276812000 1711
1276898400 1825
1276984800 1908
1277071200 1174
1277157600 1024
1277244000 1542
1277330400 1705
1277416800 1619
1277503200 1923
1277589600 1776
1277676000 1099
1277762400 945
1277848800 1739
1277935200 1886
1278021600 1614
1278108000 1756
1278194400 2121
1278280800 1694
1278367200 1419
1278453600 1384
1278540000 1514
1278626400 1623
1278712800 1880
1278799200 2069
1278885600 1493
1278972000 1045
1279058400 1395
1279144800 1523
1279231200 1608
1279317600 1571
1279404000 1364
1279490400 1002
1279576800 838
1279663200 1303
1279749600 1447
1279836000 1309
1279922400 1506
1280008800 1340
1280095200 1146
1280181600 895
1280268000 1362
1280354400 1312
1280440800 1696
1280527200 1637
1280613600 1709
1280700000 1403
1280786400 905
1280872800 1244
1280959200 1499
1281045600 1551
1281132000 1607
1281218400 1497
1281304800 1462
1281391200 887
1281477600 1412
1281564000 1634
1281650400 1610
1281736800 1690
1281823200 1759
1281909600 1302
1281996000 835
1282082400 1562
1282168800 1743
1282255200 1647
1282341600 1733
1282428000 1678
1282514400 1310
1282600800 1006
1282687200 1606
1282773600 1631
1282860000 1714
1282946400 1773
1283032800 1897
1283119200 1446
1283205600 1008
1283292000 1648
1283378400 1498
1283464800 1518
1283551200 1678
1283637600 1686
1283724000 1324
1283810400 964
1283896800 1408
1283983200 1710
1284069600 1779
1284156000 1934
1284242400 1763
1284328800 1311
1284415200 954
1284501600 1166
1284588000 1754
1284674400 1509
1284760800 1566
1284847200 1750
1284933600 1292
1285020000 944
1285106400 1647
1285192800 1531
1285279200 1734
1285365600 1684
1285452000 1839
1285538400 1328
1285624800 930
1285711200 1663
1285797600 1914
1285884000 1887
1285970400 1621
1286056800 1715
1286143200 1312
1286229600 904
1286316000 1762
1286402400 2060
1286488800 2008
1286575200 2272
1286661600 2077
1286748000 1589
1286834400 1098
1286920800 1622
1287007200 2071
1287093600 1696
1287180000 2173
1287266400 2154
1287352800 1399
1287439200 1210
1287525600 1714
1287612000 2136
1287698400 2176
1287784800 2254
1287871200 2049
1287957600 1493
1288044000 1201
1288130400 1590
1288216800 1888
1288303200 2114
1288389600 2142
1288476000 1884
1288566000 1888
1288652400 1066
1288738800 1320
1288825200 1953
1288911600 1762
1288998000 2371
1289084400 1989
1289170800 1348
1289257200 1149
1289343600 2008
1289430000 2214
1289516400 2126
1289602800 2281
1289689200 2089
1289775600 1100
1289862000 1218
1289948400 1408
1290034800 1944
1290121200 2037
1290207600 2119
1290294000 1936
1290380400 1292
1290466800 1332
1290553200 1917
1290639600 1846
1290726000 555
1290812400 1557
1290898800 1954
1290985200 1342
1291071600 1039
1291158000 1626
1291244400 1409
1291330800 1973
1291417200 2199
1291503600 1716
1291590000 995
1291676400 1209
1291762800 1687
1291849200 1762
1291935600 1466
1292022000 1839
1292108400 1483
1292194800 846
1292281200 1112
1292367600 1341
1292454000 1450
1292540400 1451
1292626800 1722
1292713200 1532
1292799600 853
1292886000 1130
1292972400 1554
1293058800 1757
1293145200 1522
1293231600 687
1293318000 239
1293404400 326
1293490800 171
1293577200 602
1293663600 977
1293750000 1139
