1262386800 97
1262473200 90
1262559600 52
1262646000 41
1262732400 120
1262818800 134
1262905200 156
1262991600 154
1263078000 115
1263164400 70
1263250800 68
1263337200 136
1263423600 126
1263510000 158
1263596400 176
1263682800 109
1263769200 59
1263855600 76
1263942000 156
1264028400 132
1264114800 158
1264201200 146
1264287600 127
1264374000 64
1264460400 60
1264546800 124
1264633200 153
1264719600 105
1264806000 115
1264892400 93
1264978800 61
1265065200 55
1265151600 157
1265238000 135
1265324400 135
1265410800 149
1265497200 118
1265583600 72
1265670000 67
1265756400 125
1265842800 56
1265929200 130
1266015600 135
1266102000 124
1266188400 65
1266274800 66
1266361200 83
1266447600 129
1266534000 164
1266620400 142
1266706800 125
1266793200 73
1266879600 74
1266966000 97
1267052400 144
1267138800 81
1267225200 95
1267311600 117
1267398000 64
1267484400 70
1267570800 122
1267657200 140
1267743600 167
1267830000 182
1267916400 128
1268002800 73
1268089200 57
1268175600 132
1268262000 131
1268348400 126
1268434800 137
1268521200 87
1268607600 59
1268694000 78
1268780400 126
1268866800 130
1268953200 115
1269039600 137
1269126000 90
1269212400 69
1269298800 44
1269385200 123
1269471600 128
1269558000 106
1269644400 106
1269730800 99
1269813600 67
1269900000 41
1269986400 89
1270072800 110
1270159200 126
1270245600 154
1270332000 119
1270418400 68
1270504800 49
1270591200 122
1270677600 154
1270764000 162
1270850400 153
1270936800 96
1271023200 79
1271109600 66
1271196000 113
1271282400 141
1271368800 203
1271455200 154
1271541600 159
1271628000 90
1271714400 76
1271800800 152
1271887200 157
1271973600 221
1272060000 174
1272146400 161
1272232800 82
1272319200 71
1272405600 160
1272492000 185
1272578400 158
1272664800 152
1272751200 125
1272837600 85
1272924000 62
1273010400 154
1273096800 145
1273183200 172
1273269600 189
1273356000 120
1273442400 81
1273528800 80
1273615200 152
1273701600 147
1273788000 192
1273874400 168
1273960800 134
1274047200 70
1274133600 74
1274220000 94
1274306400 152
1274392800 182
1274479200 131
1274565600 128
1274652000 71
1274738400 81
1274824800 146
1274911200 154
1274997600 152
1275084000 128
1275170400 132
1275256800 71
1275343200 41
1275429600 109
1275516000 130
1275602400 128
1275688800 164
1275775200 117
1275861600 68
1275948000 70
1276034400 145
1276120800 133
1276207200 144
1276293600 127
1276380000 106
1276466400 111
1276552800 61
1276639200 131
1276725600 158
1276812000 143
1276898400 148
1276984800 113
1277071200 66
1277157600 53
1277244000 112
1277330400 143
1277416800 132
1277503200 130
1277589600 98
1277676000 64
1277762400 49
1277848800 104
1277935200 80
1278021600 115
1278108000 116
1278194400 119
1278280800 77
1278367200 68
1278453600 111
1278540000 106
1278626400 130
1278712800 137
1278799200 128
1278885600 77
1278972000 56
1279058400 142
1279144800 124
1279231200 145
1279317600 160
1279404000 77
1279490400 69
1279576800 68
1279663200 111
1279749600 118
1279836000 132
1279922400 131
1280008800 102
1280095200 59
1280181600 52
1280268000 136
1280354400 107
1280440800 132
1280527200 116
1280613600 95
1280700000 77
1280786400 72
1280872800 119
1280959200 136
1281045600 157
1281132000 139
1281218400 110
1281304800 82
1281391200 65
1281477600 117
1281564000 175
1281650400 126
1281736800 119
1281823200 109
1281909600 91
1281996000 53
1282082400 127
1282168800 147
1282255200 129
1282341600 131
1282428000 96
1282514400 83
1282600800 48
1282687200 113
1282773600 123
1282860000 139
1282946400 145
1283032800 93
1283119200 77
1283205600 68
1283292000 108
1283378400 125
1283464800 173
1283551200 153
1283637600 94
1283724000 92
1283810400 58
1283896800 122
1283983200 137
1284069600 111
1284156000 136
1284242400 132
1284328800 90
1284415200 61
1284501600 106
1284588000 128
1284674400 127
1284760800 131
1284847200 126
1284933600 65
1285020000 70
1285106400 108
1285192800 134
1285279200 102
1285365600 110
1285452000 119
1285538400 110
1285624800 52
1285711200 118
1285797600 147
1285884000 113
1285970400 126
1286056800 129
1286143200 107
1286229600 69
1286316000 137
1286402400 167
1286488800 173
1286575200 192
1286661600 129
1286748000 93
1286834400 80
1286920800 171
1287007200 161
1287093600 145
1287180000 165
1287266400 129
1287352800 89
1287439200 74
1287525600 146
1287612000 164
1287698400 204
1287784800 148
1287871200 127
1287957600 81
1288044000 91
1288130400 128
1288216800 135
1288303200 123
1288389600 128
1288476000 119
1288566000 91
1288652400 56
1288738800 105
1288825200 147
1288911600 128
1288998000 161
1289084400 141
1289170800 67
1289257200 55
1289343600 125
1289430000 168
1289516400 131
1289602800 140
1289689200 160
1289775600 77
1289862000 65
1289948400 93
1290034800 138
1290121200 156
1290207600 156
1290294000 127
1290380400 90
1290466800 66
1290553200 136
1290639600 95
1290726000 34
1290812400 100
1290898800 134
1290985200 75
1291071600 63
1291158000 88
1291244400 77
1291330800 132
1291417200 177
1291503600 141
1291590000 86
1291676400 76
1291762800 97
1291849200 137
1291935600 121
1292022000 125
1292108400 110
1292194800 66
1292281200 84
1292367600 110
1292454000 99
1292540400 90
1292626800 119
1292713200 124
1292799600 57
1292886000 50
1292972400 88
1293058800 105
1293145200 82
1293231600 34
1293318000 14
1293404400 12
1293490800 6
1293577200 36
1293663600 70
1293750000 79
