1199228400 66
1199314800 92
1199401200 84
1199487600 115
1199574000 120
1199660400 65
1199746800 50
1199833200 146
1199919600 122
1200006000 135
1200092400 146
1200178800 141
1200265200 92
1200351600 61
1200438000 108
1200524400 106
1200610800 128
1200697200 127
1200783600 114
1200870000 63
1200956400 51
1201042800 118
1201129200 101
1201215600 117
1201302000 89
1201388400 91
1201474800 88
1201561200 71
1201647600 86
1201734000 108
1201820400 104
1201906800 97
1201993200 97
1202079600 51
1202166000 52
1202252400 99
1202338800 144
1202425200 113
1202511600 152
1202598000 94
1202684400 77
1202770800 57
1202857200 99
1202943600 94
1203030000 106
1203116400 105
1203202800 114
1203289200 76
1203375600 75
1203462000 135
1203548400 102
1203634800 98
1203721200 90
1203807600 94
1203894000 73
1203980400 60
1204066800 97
1204153200 107
1204239600 79
1204326000 119
1204412400 107
1204498800 93
1204585200 85
1204671600 127
1204758000 138
1204844400 147
1204930800 134
1205017200 88
1205103600 59
1205190000 67
1205276400 128
1205362800 111
1205449200 129
1205535600 139
1205622000 82
1205708400 64
1205794800 55
1205881200 94
1205967600 107
1206054000 114
1206140400 89
1206226800 102
1206313200 62
1206399600 64
1206486000 113
1206572400 114
1206658800 99
1206745200 112
1206831600 87
1206914400 62
1207000800 52
1207087200 94
1207173600 135
1207260000 116
1207346400 126
1207432800 116
1207519200 70
1207605600 54
1207692000 103
1207778400 145
1207864800 141
1207951200 123
1208037600 94
1208124000 73
1208210400 48
1208296800 78
1208383200 91
1208469600 95
1208556000 109
1208642400 85
1208728800 62
1208815200 38
1208901600 117
1208988000 93
1209074400 98
1209160800 77
1209247200 72
1209333600 43
1209420000 34
1209506400 85
1209592800 108
1209679200 83
1209765600 119
1209852000 91
1209938400 76
1210024800 72
1210111200 130
1210197600 90
1210284000 123
1210370400 94
1210456800 92
1210543200 82
1210629600 56
1210716000 128
1210802400 101
1210888800 104
1210975200 93
1211061600 79
1211148000 74
1211234400 67
1211320800 95
1211407200 115
1211493600 110
1211580000 99
1211666400 69
1211752800 67
1211839200 35
1211925600 122
1212012000 119
1212098400 76
1212184800 112
1212271200 103
1212357600 75
1212444000 68
1212530400 93
1212616800 118
1212703200 114
1212789600 119
1212876000 61
1212962400 62
1213048800 48
1213135200 65
1213221600 91
1213308000 80
1213394400 141
1213480800 88
1213567200 42
1213653600 68
1213740000 124
1213826400 124
1213912800 104
1213999200 119
1214085600 100
1214172000 60
1214258400 42
1214344800 101
1214431200 87
1214517600 89
1214604000 94
1214690400 72
1214776800 58
1214863200 37
1214949600 81
1215036000 106
1215122400 66
1215208800 73
1215295200 90
1215381600 62
1215468000 32
1215554400 57
1215640800 87
1215727200 83
1215813600 87
1215900000 80
1215986400 55
1216072800 31
1216159200 94
1216245600 108
1216332000 101
1216418400 93
1216504800 68
1216591200 47
1216677600 40
1216764000 91
1216850400 111
1216936800 120
1217023200 103
1217109600 73
1217196000 57
1217282400 35
1217368800 99
1217455200 111
1217541600 99
1217628000 101
1217714400 71
1217800800 58
1217887200 49
1217973600 89
1218060000 110
1218146400 111
1218232800 104
1218319200 77
1218405600 88
1218492000 46
1218578400 97
1218664800 101
1218751200 95
1218837600 119
1218924000 97
1219010400 51
1219096800 54
1219183200 106
1219269600 120
1219356000 93
1219442400 96
1219528800 90
1219615200 44
1219701600 48
1219788000 62
1219874400 92
1219960800 92
1220047200 80
1220133600 80
1220220000 40
1220306400 32
1220392800 68
1220479200 95
1220565600 91
1220652000 108
1220738400 70
1220824800 65
1220911200 47
1220997600 59
1221084000 119
1221170400 101
1221256800 95
1221343200 98
1221429600 76
1221516000 78
1221602400 113
1221688800 133
1221775200 120
1221861600 136
1221948000 67
1222034400 53
1222120800 32
1222207200 73
1222293600 104
1222380000 94
1222466400 84
1222552800 92
1222639200 64
1222725600 50
1222812000 98
1222898400 96
1222984800 111
1223071200 123
1223157600 97
1223244000 70
1223330400 49
1223416800 98
1223503200 115
1223589600 147
1223676000 129
1223762400 89
1223848800 67
1223935200 45
1224021600 125
1224108000 120
1224194400 100
1224280800 107
1224367200 92
1224453600 52
1224540000 65
1224626400 100
1224712800 91
1224799200 102
1224885600 129
1224972000 96
1225062000 65
1225148400 46
1225234800 78
1225321200 79
1225407600 86
1225494000 101
1225580400 103
1225666800 60
1225753200 43
1225839600 84
1225926000 105
1226012400 98
1226098800 116
1226185200 98
1226271600 63
1226358000 46
1226444400 95
1226530800 94
1226617200 91
1226703600 120
1226790000 114
1226876400 58
1226962800 64
1227049200 99
1227135600 111
1227222000 103
1227308400 92
1227394800 86
1227481200 60
1227567600 45
1227654000 92
1227740400 100
1227826800 28
1227913200 68
1227999600 99
1228086000 72
1228172400 48
1228258800 91
1228345200 95
1228431600 104
1228518000 103
1228604400 79
1228690800 49
1228777200 53
1228863600 107
1228950000 82
1229036400 71
1229122800 89
1229209200 100
1229295600 46
1229382000 35
1229468400 76
1229554800 88
1229641200 67
1229727600 40
1229814000 48
1229900400 43
1229986800 40
1230073200 49
1230159600 32
1230246000 20
1230332400 72
1230418800 76
1230505200 64
1230591600 49
1230678000 59
