1199228400 908
1199314800 1200
1199401200 1234
1199487600 1579
1199574000 1738
1199660400 1132
1199746800 994
1199833200 1964
1199919600 1880
1200006000 2008
1200092400 2139
1200178800 2413
1200265200 1371
1200351600 1209
1200438000 1665
1200524400 1939
1200610800 1929
1200697200 2216
1200783600 2317
1200870000 1330
1200956400 1029
1201042800 1560
1201129200 1721
1201215600 1796
1201302000 1710
1201388400 1814
1201474800 1480
1201561200 1183
1201647600 1649
1201734000 1770
1201820400 1815
1201906800 1649
1201993200 2059
1202079600 1165
1202166000 878
1202252400 1272
1202338800 1862
1202425200 1882
1202511600 2398
1202598000 2284
1202684400 1493
1202770800 988
1202857200 1168
1202943600 1378
1203030000 1742
1203116400 2056
1203202800 2094
1203289200 1491
1203375600 1284
1203462000 1487
1203548400 1762
1203634800 1726
1203721200 1519
1203807600 1808
1203894000 1322
1203980400 1107
1204066800 1708
1204153200 1860
1204239600 1817
1204326000 1866
1204412400 1528
1204498800 1296
1204585200 1232
1204671600 1723
1204758000 1913
1204844400 1954
1204930800 1922
1205017200 1936
1205103600 1221
1205190000 1345
1205276400 1736
1205362800 2012
1205449200 1834
1205535600 2137
1205622000 1966
1205708400 1260
1205794800 1052
1205881200 1726
1205967600 1599
1206054000 1798
1206140400 1894
1206226800 1768
1206313200 1293
1206399600 1171
1206486000 1682
1206572400 1776
1206658800 1616
1206745200 1956
1206831600 1824
1206914400 1388
1207000800 951
1207087200 1566
1207173600 1734
1207260000 1687
1207346400 1856
1207432800 1645
1207519200 1434
1207605600 1104
1207692000 1622
1207778400 1825
1207864800 1914
1207951200 2139
1208037600 1947
1208124000 1381
1208210400 1154
1208296800 1575
1208383200 1711
1208469600 1608
1208556000 1925
1208642400 1606
1208728800 1427
1208815200 1076
1208901600 1652
1208988000 1725
1209074400 1512
1209160800 1420
1209247200 1452
1209333600 1020
1209420000 839
1209506400 1364
1209592800 1686
1209679200 1542
1209765600 1980
1209852000 1827
1209938400 1317
1210024800 1184
1210111200 1604
1210197600 1798
1210284000 1696
1210370400 1573
1210456800 1813
1210543200 1396
1210629600 1028
1210716000 1645
1210802400 1638
1210888800 1618
1210975200 1529
1211061600 1678
1211148000 1225
1211234400 1024
1211320800 1133
1211407200 1626
1211493600 1502
1211580000 1841
1211666400 1618
1211752800 1301
1211839200 754
1211925600 1273
1212012000 1544
1212098400 1515
1212184800 1742
1212271200 1573
1212357600 1090
1212444000 980
1212530400 1291
1212616800 1357
1212703200 1466
1212789600 1779
1212876000 1334
1212962400 1027
1213048800 580
1213135200 1132
1213221600 1478
1213308000 1374
1213394400 1622
1213480800 1317
1213567200 874
1213653600 753
1213740000 1259
1213826400 1484
1213912800 1389
1213999200 1457
1214085600 1304
1214172000 988
1214258400 600
1214344800 1249
1214431200 1239
1214517600 1295
1214604000 1074
1214690400 1132
1214776800 721
1214863200 594
1214949600 938
1215036000 1110
1215122400 989
1215208800 961
1215295200 1169
1215381600 1088
1215468000 686
1215554400 1003
1215640800 1084
1215727200 1346
1215813600 1461
1215900000 1287
1215986400 780
1216072800 647
1216159200 1292
1216245600 1419
1216332000 1467
1216418400 1442
1216504800 1326
1216591200 874
1216677600 705
1216764000 1238
1216850400 1366
1216936800 1380
1217023200 1456
1217109600 1281
1217196000 988
1217282400 744
1217368800 1382
1217455200 1678
1217541600 1609
1217628000 1348
1217714400 1432
1217800800 1023
1217887200 753
1217973600 1342
1218060000 1544
1218146400 1448
1218232800 1525
1218319200 1609
1218405600 1128
1218492000 810
1218578400 1385
1218664800 1459
1218751200 1512
1218837600 1557
1218924000 1526
1219010400 995
1219096800 821
1219183200 1509
1219269600 1543
1219356000 1535
1219442400 1490
1219528800 1346
1219615200 1092
1219701600 924
1219788000 1413
1219874400 1616
1219960800 1396
1220047200 1494
1220133600 1379
1220220000 868
1220306400 668
1220392800 1245
1220479200 1566
1220565600 1530
1220652000 1870
1220738400 1442
1220824800 1298
1220911200 1006
1220997600 1184
1221084000 1852
1221170400 1934
1221256800 1723
1221343200 1820
1221429600 1351
1221516000 954
1221602400 1708
1221688800 1851
1221775200 1952
1221861600 1910
1221948000 1706
1222034400 1254
1222120800 848
1222207200 1471
1222293600 1785
1222380000 1685
1222466400 1724
1222552800 1832
1222639200 1241
1222725600 1141
1222812000 1874
1222898400 1511
1222984800 1745
1223071200 2009
1223157600 1998
1223244000 1293
1223330400 1033
1223416800 1748
1223503200 1947
1223589600 2071
1223676000 2047
1223762400 1918
1223848800 1425
1223935200 1163
1224021600 1754
1224108000 1970
1224194400 1869
1224280800 1949
1224367200 2040
1224453600 1361
1224540000 1128
1224626400 1668
1224712800 1834
1224799200 1891
1224885600 2373
1224972000 1807
1225062000 1334
1225148400 1129
1225234800 1305
1225321200 1592
1225407600 1885
1225494000 2290
1225580400 1662
1225666800 1226
1225753200 1017
1225839600 1243
1225926000 1721
1226012400 1950
1226098800 2240
1226185200 2030
1226271600 1423
1226358000 1165
1226444400 1771
1226530800 2071
1226617200 1546
1226703600 2247
1226790000 2048
1226876400 1328
1226962800 1174
1227049200 1823
1227135600 1733
1227222000 2012
1227308400 2005
1227394800 1821
1227481200 1349
1227567600 1042
1227654000 1505
1227740400 1602
1227826800 656
1227913200 1584
1227999600 1981
1228086000 1401
1228172400 899
1228258800 1572
1228345200 1604
1228431600 1593
1228518000 1960
1228604400 1704
1228690800 988
1228777200 888
1228863600 1588
1228950000 1581
1229036400 1079
1229122800 1853
1229209200 1822
1229295600 1118
1229382000 873
1229468400 1166
1229554800 1449
1229641200 1297
1229727600 1146
1229814000 1368
1229900400 809
1229986800 710
1230073200 1157
1230159600 663
1230246000 365
1230332400 1599
1230418800 1780
1230505200 1065
1230591600 815
1230678000 1364
