1136070000 13
1136156400 17
1136242800 19
1136329200 10
1136415600 29
1136502000 29
1136588400 24
1136674800 20
1136761200 13
1136847600 18
1136934000 15
1137020400 17
1137106800 20
1137193200 24
1137279600 24
1137366000 19
1137452400 30
1137538800 9
1137625200 18
1137711600 13
1137798000 24
1137884400 21
1137970800 17
1138057200 21
1138143600 34
1138230000 20
1138316400 28
1138402800 30
1138489200 28
1138575600 23
1138662000 21
1138748400 14
1138834800 17
1138921200 11
1139007600 23
1139094000 12
1139180400 8
1139266800 35
1139353200 19
1139439600 19
1139526000 23
1139612400 17
1139698800 18
1139785200 19
1139871600 18
1139958000 22
1140044400 32
1140130800 21
1140217200 19
1140303600 16
1140390000 23
1140476400 28
1140562800 22
1140649200 24
1140735600 18
1140822000 28
1140908400 24
1140994800 18
1141081200 28
1141167600 26
1141254000 46
1141340400 38
1141426800 57
1141513200 20
1141599600 33
1141686000 41
1141772400 44
1141858800 23
1141945200 24
1142031600 31
1142118000 7
1142204400 11
1142290800 20
1142377200 26
1142463600 17
1142550000 8
1142636400 24
1142722800 10
1142809200 11
1142895600 20
1142982000 8
1143068400 24
1143154800 18
1143241200 13
1143327600 19
1143410400 11
1143496800 15
1143583200 32
1143669600 26
1143756000 12
1143842400 23
1143928800 10
1144015200 17
1144101600 6
1144188000 11
1144274400 11
1144360800 22
1144447200 8
1144533600 12
1144620000 5
1144706400 9
1144792800 12
1144879200 12
1144965600 28
1145052000 14
1145138400 16
1145224800 7
1145311200 14
1145397600 13
1145484000 7
1145570400 14
1145656800 10
1145743200 14
1145829600 11
1145916000 13
1146002400 20
1146088800 20
1146175200 21
1146261600 18
1146348000 13
1146434400 14
1146520800 16
1146607200 10
1146693600 10
1146780000 24
1146866400 17
1146952800 13
1147039200 5
1147125600 17
1147212000 16
1147298400 12
1147384800 6
1147471200 22
1147557600 18
1147644000 31
1147730400 25
1147816800 21
1147903200 21
1147989600 14
1148076000 22
1148162400 18
1148248800 12
1148335200 22
1148421600 8
1148508000 11
1148594400 10
1148680800 16
1148767200 6
1148853600 15
1148940000 11
1149026400 24
1149112800 18
1149199200 12
1149285600 14
1149372000 22
1149458400 16
1149544800 36
1149631200 43
1149717600 25
1149804000 21
1149890400 30
1149976800 23
1150063200 9
1150149600 12
1150236000 14
1150322400 21
1150408800 24
1150495200 15
1150581600 11
1150668000 14
1150754400 12
1150840800 17
1150927200 25
1151013600 33
1151100000 14
1151186400 12
1151272800 6
1151359200 5
1151445600 6
1151532000 13
1151618400 18
1151704800 10
1151791200 6
1151877600 10
1151964000 5
1152050400 5
1152136800 9
1152223200 11
1152309600 12
1152396000 21
1152482400 6
1152568800 16
1152655200 5
1152741600 13
1152828000 23
1152914400 18
1153000800 11
1153087200 8
1153173600 5
1153260000 6
1153346400 8
1153432800 20
1153519200 9
1153605600 10
1153692000 8
1153778400 6
1153864800 13
1153951200 10
1154037600 20
1154124000 10
1154210400 7
1154296800 1
1154383200 11
1154469600 9
1154556000 5
1154642400 4
1154728800 4
1154815200 4
1154901600 14
1154988000 11
1155074400 10
1155160800 10
1155247200 5
1155333600 6
1155420000 3
1155506400 2
1155592800 7
1155679200 11
1155765600 9
1155852000 6
1155938400 5
1156024800 5
1156111200 4
1156197600 5
1156284000 12
1156370400 10
1156456800 8
1156543200 6
1156629600 6
1156716000 5
1156802400 14
1156888800 6
1156975200 12
1157061600 27
1157148000 12
1157234400 12
1157320800 6
1157407200 17
1157493600 11
1157580000 9
1157666400 21
1157752800 8
1157839200 4
1157925600 31
1158012000 23
1158098400 33
1158184800 19
1158271200 12
1158357600 13
1158444000 15
1158530400 10
1158616800 26
1158703200 32
1158789600 46
1158876000 21
1158962400 12
1159048800 4
1159135200 11
1159221600 21
1159308000 18
1159394400 30
1159480800 21
1159567200 25
1159653600 8
1159740000 10
1159826400 18
1159912800 19
1159999200 7
1160085600 12
1160172000 14
1160258400 3
1160344800 18
1160431200 12
1160517600 15
1160604000 24
1160690400 10
1160776800 23
1160863200 5
1160949600 11
1161036000 10
1161122400 16
1161208800 12
1161295200 12
1161381600 7
1161468000 5
1161554400 14
1161640800 12
1161727200 8
1161813600 8
1161900000 7
1161986400 1
1162072800 5
1162162800 5
1162249200 15
1162335600 8
1162422000 5
1162508400 3
1162594800 13
1162681200 11
1162767600 7
1162854000 6
1162940400 10
1163026800 15
1163113200 14
1163199600 7
1163286000 1
1163372400 6
1163458800 13
1163545200 14
1163631600 12
1163718000 4
1163804400 3
1163890800 4
1163977200 11
1164063600 14
1164150000 5
1164322800 4
1164409200 4
1164495600 2
1164582000 11
1164668400 7
1164754800 15
1164841200 9
1164927600 6
1165014000 11
1165100400 2
1165186800 10
1165273200 14
1165359600 2
1165446000 18
1165532400 10
1165618800 5
1165705200 15
1165791600 9
1165878000 42
1165964400 27
1166050800 23
1166137200 19
1166223600 20
1166310000 14
1166396400 18
1166482800 11
1166569200 9
1166655600 12
1166742000 12
1166828400 3
1166914800 11
1167001200 2
1167087600 20
1167174000 13
1167260400 22
1167346800 15
1167433200 9
1167519600 3
