1167692400 823
1167778800 1429
1167865200 1594
1167951600 1927
1168038000 1961
1168124400 1857
1168210800 1409
1168297200 1124
1168383600 1507
1168470000 1616
1168556400 1990
1168642800 2134
1168729200 1925
1168815600 1487
1168902000 1371
1168988400 1634
1169074800 1490
1169161200 1848
1169247600 2146
1169334000 1747
1169420400 1358
1169506800 1371
1169593200 1869
1169679600 1872
1169766000 1808
1169852400 1683
1169938800 2031
1170025200 1432
1170111600 1067
1170198000 1489
1170284400 1348
1170370800 1834
1170457200 1743
1170543600 1490
1170630000 1166
1170716400 829
1170802800 1280
1170889200 1584
1170975600 1706
1171062000 1845
1171148400 1837
1171234800 1414
1171321200 1220
1171407600 1455
1171494000 872
1171580400 1458
1171666800 1786
1171753200 1608
1171839600 1195
1171926000 1186
1172012400 1594
1172098800 1612
1172185200 1821
1172271600 1604
1172358000 1708
1172444400 1173
1172530800 887
1172617200 1617
1172703600 1629
1172790000 1772
1172876400 1607
1172962800 1701
1173049200 1324
1173135600 904
1173222000 1114
1173308400 1332
1173394800 1612
1173481200 1765
1173567600 1776
1173654000 1211
1173740400 1050
1173826800 1461
1173913200 1530
1173999600 1381
1174086000 898
1174172400 1079
1174258800 966
1174345200 902
1174431600 1279
1174518000 1339
1174604400 1557
1174690800 1882
1174777200 1586
1174860000 1149
1174946400 1023
1175032800 1301
1175119200 1395
1175205600 1565
1175292000 1740
1175378400 1751
1175464800 1094
1175551200 870
1175637600 1258
1175724000 1143
1175810400 1441
1175896800 1821
1175983200 1773
1176069600 986
1176156000 908
1176242400 1370
1176328800 1287
1176415200 1400
1176501600 1757
1176588000 1674
1176674400 876
1176760800 890
1176847200 1325
1176933600 1511
1177020000 1595
1177106400 1699
1177192800 1382
1177279200 1065
1177365600 1006
1177452000 1273
1177538400 1315
1177624800 1606
1177711200 1698
1177797600 1539
1177884000 1316
1177970400 1168
1178056800 1176
1178143200 1298
1178229600 1506
1178316000 1518
1178402400 1308
1178488800 1082
1178575200 989
1178661600 1352
1178748000 1454
1178834400 1489
1178920800 1601
1179007200 1475
1179093600 1025
1179180000 985
1179266400 1185
1179352800 1280
1179439200 1597
1179525600 1564
1179612000 1402
1179698400 1177
1179784800 946
1179871200 1197
1179957600 1235
1180044000 1350
1180130400 1439
1180216800 1290
1180303200 1073
1180389600 713
1180476000 1125
1180562400 1344
1180648800 1391
1180735200 1355
1180821600 1277
1180908000 1029
1180994400 908
1181080800 1313
1181167200 1375
1181253600 1414
1181340000 1513
1181426400 1214
1181512800 1237
1181599200 796
1181685600 1003
1181772000 1261
1181858400 1332
1181944800 1396
1182031200 1300
1182117600 1007
1182204000 936
1182290400 1080
1182376800 1214
1182463200 1302
1182549600 1298
1182636000 1241
1182722400 981
1182808800 778
1182895200 990
1182981600 1018
1183068000 1057
1183154400 1319
1183240800 1222
1183327200 1044
1183413600 727
1183500000 1210
1183586400 1001
1183672800 1189
1183759200 1182
1183845600 1326
1183932000 900
1184018400 767
1184104800 1188
1184191200 1322
1184277600 1397
1184364000 1365
1184450400 1275
1184536800 946
1184623200 763
1184709600 1157
1184796000 1070
1184882400 934
1184968800 1315
1185055200 1230
1185141600 836
1185228000 776
1185314400 1274
1185400800 1379
1185487200 1210
1185573600 1389
1185660000 1209
1185746400 1015
1185832800 865
1185919200 1040
1186005600 1241
1186092000 1268
1186178400 1242
1186264800 1260
1186351200 1076
1186437600 853
1186524000 1194
1186610400 1123
1186696800 1222
1186783200 1408
1186869600 1182
1186956000 1068
1187042400 869
1187128800 1400
1187215200 1381
1187301600 1423
1187388000 1402
1187474400 1250
1187560800 975
1187647200 983
1187733600 1179
1187820000 1361
1187906400 1301
1187992800 1316
1188079200 1190
1188165600 1090
1188252000 1002
1188338400 1167
1188424800 1260
1188511200 1300
1188597600 1273
1188684000 1262
1188770400 950
1188856800 696
1188943200 1214
1189029600 1331
1189116000 1258
1189202400 1270
1189288800 1232
1189375200 988
1189461600 931
1189548000 1321
1189634400 1442
1189720800 1532
1189807200 1783
1189893600 1717
1189980000 1368
1190066400 1083
1190152800 1300
1190239200 1687
1190325600 1781
1190412000 1532
1190498400 1539
1190584800 1280
1190671200 956
1190757600 1245
1190844000 1232
1190930400 1472
1191016800 1560
1191103200 1536
1191189600 1352
1191276000 995
1191362400 1498
1191448800 1623
1191535200 1526
1191621600 1633
1191708000 1429
1191794400 1131
1191880800 1062
1191967200 1495
1192053600 1592
1192140000 1448
1192226400 1513
1192312800 1449
1192399200 1139
1192485600 1094
1192572000 1545
1192658400 1601
1192744800 1346
1192831200 1481
1192917600 1581
1193004000 1168
1193090400 1014
1193176800 1643
1193263200 1563
1193349600 1479
1193436000 1365
1193522400 1315
1193612400 1016
1193698800 929
1193785200 1535
1193871600 1621
1193958000 1244
1194044400 1443
1194130800 1306
1194217200 974
1194303600 882
1194390000 1133
1194476400 1544
1194562800 1397
1194649200 1475
1194735600 1473
1194822000 1016
1194908400 965
1194994800 1324
1195081200 1518
1195167600 1425
1195254000 1335
1195340400 1412
1195426800 1035
1195513200 779
1195599600 1392
1195686000 1361
1195772400 561
1195858800 1025
1195945200 1296
1196031600 942
1196118000 730
1196204400 1563
1196290800 1351
1196377200 1466
1196463600 1519
1196550000 1072
1196636400 695
1196722800 552
1196809200 1039
1196895600 1194
1196982000 1236
1197068400 1406
1197154800 1363
1197241200 935
1197327600 653
1197414000 1201
1197500400 1293
1197586800 839
1197673200 1172
1197759600 1210
1197846000 675
1197932400 713
1198018800 1163
1198105200 1073
1198191600 1129
1198278000 1081
1198364400 1172
1198450800 773
1198537200 374
1198623600 315
1198710000 830
1198796400 1135
1198882800 1308
1198969200 1099
1199055600 760
