1167692400 38
1167778800 65
1167865200 80
1167951600 106
1168038000 106
1168124400 67
1168210800 49
1168297200 59
1168383600 63
1168470000 82
1168556400 100
1168642800 72
1168729200 57
1168815600 56
1168902000 39
1168988400 91
1169074800 66
1169161200 104
1169247600 89
1169334000 83
1169420400 53
1169506800 47
1169593200 94
1169679600 81
1169766000 86
1169852400 86
1169938800 75
1170025200 52
1170111600 60
1170198000 78
1170284400 53
1170370800 96
1170457200 95
1170543600 57
1170630000 26
1170716400 45
1170802800 79
1170889200 76
1170975600 94
1171062000 91
1171148400 97
1171234800 65
1171321200 58
1171407600 80
1171494000 42
1171580400 59
1171666800 90
1171753200 84
1171839600 55
1171926000 64
1172012400 88
1172098800 100
1172185200 82
1172271600 81
1172358000 87
1172444400 41
1172530800 63
1172617200 98
1172703600 88
1172790000 110
1172876400 115
1172962800 87
1173049200 55
1173135600 57
1173222000 91
1173308400 93
1173394800 103
1173481200 109
1173567600 100
1173654000 58
1173740400 68
1173826800 102
1173913200 91
1173999600 77
1174086000 51
1174172400 54
1174258800 42
1174345200 50
1174431600 74
1174518000 107
1174604400 82
1174690800 91
1174777200 75
1174860000 46
1174946400 74
1175032800 81
1175119200 86
1175205600 101
1175292000 80
1175378400 73
1175464800 43
1175551200 43
1175637600 109
1175724000 103
1175810400 99
1175896800 122
1175983200 79
1176069600 43
1176156000 74
1176242400 93
1176328800 124
1176415200 91
1176501600 111
1176588000 106
1176674400 39
1176760800 58
1176847200 106
1176933600 103
1177020000 111
1177106400 96
1177192800 70
1177279200 49
1177365600 60
1177452000 87
1177538400 107
1177624800 109
1177711200 102
1177797600 74
1177884000 49
1177970400 86
1178056800 91
1178143200 100
1178229600 82
1178316000 89
1178402400 42
1178488800 61
1178575200 52
1178661600 78
1178748000 92
1178834400 82
1178920800 93
1179007200 53
1179093600 58
1179180000 66
1179266400 91
1179352800 88
1179439200 103
1179525600 86
1179612000 91
1179698400 51
1179784800 57
1179871200 79
1179957600 76
1180044000 96
1180130400 78
1180216800 60
1180303200 51
1180389600 32
1180476000 82
1180562400 79
1180648800 69
1180735200 77
1180821600 71
1180908000 41
1180994400 44
1181080800 92
1181167200 92
1181253600 80
1181340000 93
1181426400 60
1181512800 53
1181599200 50
1181685600 68
1181772000 69
1181858400 81
1181944800 70
1182031200 73
1182117600 39
1182204000 59
1182290400 75
1182376800 72
1182463200 80
1182549600 71
1182636000 73
1182722400 53
1182808800 52
1182895200 56
1182981600 50
1183068000 59
1183154400 53
1183240800 50
1183327200 50
1183413600 52
1183500000 81
1183586400 72
1183672800 62
1183759200 88
1183845600 61
1183932000 41
1184018400 37
1184104800 100
1184191200 102
1184277600 101
1184364000 67
1184450400 68
1184536800 33
1184623200 45
1184709600 72
1184796000 59
1184882400 56
1184968800 85
1185055200 65
1185141600 42
1185228000 49
1185314400 80
1185400800 85
1185487200 93
1185573600 78
1185660000 55
1185746400 30
1185832800 64
1185919200 70
1186005600 108
1186092000 59
1186178400 69
1186264800 38
1186351200 48
1186437600 50
1186524000 86
1186610400 81
1186696800 93
1186783200 95
1186869600 66
1186956000 52
1187042400 53
1187128800 87
1187215200 106
1187301600 72
1187388000 91
1187474400 73
1187560800 52
1187647200 50
1187733600 70
1187820000 84
1187906400 79
1187992800 88
1188079200 63
1188165600 60
1188252000 52
1188338400 69
1188424800 75
1188511200 76
1188597600 82
1188684000 58
1188770400 45
1188856800 42
1188943200 75
1189029600 83
1189116000 73
1189202400 93
1189288800 74
1189375200 78
1189461600 65
1189548000 70
1189634400 114
1189720800 118
1189807200 96
1189893600 89
1189980000 78
1190066400 55
1190152800 96
1190239200 100
1190325600 98
1190412000 96
1190498400 105
1190584800 79
1190671200 33
1190757600 91
1190844000 102
1190930400 77
1191016800 112
1191103200 87
1191189600 79
1191276000 72
1191362400 109
1191448800 111
1191535200 91
1191621600 117
1191708000 95
1191794400 71
1191880800 70
1191967200 109
1192053600 114
1192140000 109
1192226400 91
1192312800 88
1192399200 58
1192485600 54
1192572000 104
1192658400 113
1192744800 111
1192831200 78
1192917600 74
1193004000 65
1193090400 62
1193176800 106
1193263200 78
1193349600 113
1193436000 85
1193522400 70
1193612400 60
1193698800 50
1193785200 81
1193871600 117
1193958000 79
1194044400 67
1194130800 48
1194217200 56
1194303600 44
1194390000 87
1194476400 123
1194562800 89
1194649200 87
1194735600 96
1194822000 61
1194908400 57
1194994800 98
1195081200 118
1195167600 101
1195254000 78
1195340400 93
1195426800 55
1195513200 44
1195599600 91
1195686000 91
1195772400 17
1195858800 68
1195945200 64
1196031600 49
1196118000 52
1196204400 88
1196290800 89
1196377200 85
1196463600 73
1196550000 75
1196636400 61
1196722800 36
1196809200 70
1196895600 69
1196982000 95
1197068400 83
1197154800 78
1197241200 49
1197327600 42
1197414000 78
1197500400 93
1197586800 57
1197673200 86
1197759600 67
1197846000 24
1197932400 44
1198018800 79
1198105200 78
1198191600 85
1198278000 65
1198364400 56
1198450800 42
1198537200 19
1198623600 18
1198710000 54
1198796400 95
1198882800 74
1198969200 53
1199055600 27
