1293836400 29
1293922800 24
1294009200 10
1294095600 18
1294182000 37
1294268400 54
1294354800 82
1294441200 34
1294527600 19
1294614000 44
1294700400 41
1294786800 33
1294873200 70
1294959600 48
1295046000 34
1295132400 28
1295218800 60
1295305200 33
1295391600 67
1295478000 39
1295564400 52
1295650800 35
1295737200 46
1295823600 36
1295910000 69
1295996400 36
1296082800 48
1296169200 58
1296255600 56
1296342000 29
1296428400 33
1296514800 47
1296601200 42
1296687600 56
1296774000 47
1296860400 43
1296946800 52
1297033200 63
1297119600 75
1297206000 63
1297292400 44
1297378800 47
1297465200 48
1297551600 50
1297638000 44
1297724400 50
1297810800 55
1297897200 50
1297983600 76
1298070000 48
1298156400 45
1298242800 50
1298329200 69
1298415600 59
1298502000 80
1298588400 91
1298674800 72
1298761200 60
1298847600 54
1298934000 45
1299020400 57
1299106800 37
1299193200 61
1299279600 88
1299366000 43
1299452400 46
1299538800 59
1299625200 34
1299711600 41
1299798000 29
1299884400 40
1299970800 26
1300057200 35
1300143600 45
1300230000 47
1300316400 38
1300402800 43
1300489200 41
1300575600 71
1300662000 35
1300748400 49
1300834800 30
1300921200 38
1301007600 54
1301094000 53
1301180400 53
1301263200 42
1301349600 45
1301436000 40
1301522400 30
1301608800 29
1301695200 62
1301781600 38
1301868000 42
1301954400 55
1302040800 53
1302127200 69
1302213600 49
1302300000 99
1302386400 32
1302472800 29
1302559200 33
1302645600 35
1302732000 46
1302818400 60
1302904800 38
1302991200 35
1303077600 50
1303164000 48
1303250400 66
1303336800 50
1303423200 50
1303509600 43
1303596000 23
1303682400 43
1303768800 53
1303855200 41
1303941600 48
1304028000 58
1304114400 56
1304200800 27
1304287200 18
1304373600 36
1304460000 35
1304546400 43
1304632800 45
1304719200 47
1304805600 17
1304892000 55
1304978400 46
1305064800 43
1305151200 40
1305237600 34
1305324000 47
1305410400 26
1305496800 25
1305583200 72
1305669600 39
1305756000 37
1305842400 58
1305928800 56
1306015200 42
1306101600 34
1306188000 32
1306274400 40
1306360800 46
1306447200 40
1306533600 60
1306620000 30
1306706400 66
1306792800 52
1306879200 63
1306965600 67
1307052000 62
1307138400 81
1307224800 76
1307311200 56
1307397600 77
1307484000 111
1307570400 91
1307656800 92
1307743200 67
1307829600 68
1307916000 58
1308002400 87
1308088800 88
1308175200 66
1308261600 69
1308348000 55
1308434400 61
1308520800 54
1308607200 64
1308693600 71
1308780000 82
1308866400 78
1308952800 75
1309039200 45
1309125600 43
1309212000 42
1309298400 55
1309384800 54
1309471200 39
1309557600 64
1309644000 65
1309730400 35
1309816800 67
1309903200 57
1309989600 36
1310076000 37
1310162400 33
1310248800 44
1310335200 58
1310421600 37
1310508000 53
1310594400 49
1310680800 43
1310767200 67
1310853600 49
1310940000 44
1311026400 34
1311112800 21
1311199200 28
1311285600 41
1311372000 111
1311458400 41
1311544800 47
1311631200 52
1311717600 47
1311804000 35
1311890400 41
1311976800 36
1312063200 41
1312149600 34
1312236000 32
1312322400 18
1312408800 56
1312495200 60
1312581600 61
1312668000 53
1312754400 24
1312840800 33
1312927200 46
1313013600 43
1313100000 25
1313186400 27
1313272800 33
1313359200 23
1313445600 36
1313532000 32
1313618400 16
1313704800 26
1313791200 27
1313877600 22
1313964000 19
1314050400 28
1314136800 40
1314223200 20
1314309600 37
1314396000 25
1314482400 23
1314568800 27
1314655200 32
1314741600 41
1314828000 42
1314914400 51
1315000800 37
1315087200 17
1315173600 27
1315260000 25
1315346400 27
1315432800 22
1315519200 54
1315605600 23
1315692000 29
1315778400 20
1315864800 28
1315951200 32
1316037600 25
1316124000 36
1316210400 32
1316296800 17
1316383200 14
1316469600 31
1316556000 35
1316642400 30
1316728800 38
1316815200 28
1316901600 25
1316988000 25
1317074400 34
1317160800 34
1317247200 14
1317333600 34
1317420000 30
1317506400 38
1317592800 54
1317679200 35
1317765600 48
1317852000 68
1317938400 67
1318024800 77
1318111200 46
1318197600 29
1318284000 62
1318370400 62
1318456800 57
1318543200 43
1318629600 38
1318716000 70
1318802400 36
1318888800 55
1318975200 63
1319061600 44
1319148000 101
1319234400 59
1319320800 43
1319407200 70
1319493600 71
1319580000 54
1319666400 38
1319752800 30
1319839200 59
1319925600 47
1320015600 98
1320102000 93
1320188400 76
1320274800 115
1320361200 122
1320447600 100
1320534000 69
1320620400 67
1320706800 63
1320793200 56
1320879600 57
1320966000 63
1321052400 77
1321138800 50
1321225200 40
1321311600 37
1321398000 43
1321484400 43
1321570800 47
1321657200 69
1321743600 48
1321830000 43
1321916400 44
1322002800 67
1322089200 32
1322175600 62
1322262000 75
1322348400 76
1322434800 46
1322521200 53
1322607600 55
1322694000 51
1322780400 57
1322866800 55
1322953200 44
1323039600 59
1323126000 63
1323212400 33
1323298800 47
1323385200 86
1323471600 91
1323558000 41
1323644400 22
1323730800 49
1323817200 50
1323903600 58
1323990000 49
1324076400 58
1324162800 28
1324249200 26
1324335600 71
1324422000 67
1324508400 70
1324594800 48
1324681200 42
1324767600 30
1324854000 33
1324940400 52
1325026800 71
1325113200 58
1325199600 76
1325286000 73
