1325458800 13
1325545200 14
1325631600 12
1325718000 29
1325804400 30
1325890800 29
1325977200 21
1326063600 20
1326150000 13
1326236400 30
1326322800 50
1326409200 26
1326495600 29
1326582000 23
1326668400 16
1326754800 15
1326841200 39
1326927600 40
1327014000 30
1327100400 34
1327186800 16
1327273200 12
1327359600 16
1327446000 26
1327532400 43
1327618800 39
1327705200 32
1327791600 45
1327878000 10
1327964400 16
1328050800 28
1328137200 34
1328223600 39
1328310000 37
1328396400 38
1328482800 14
1328569200 31
1328655600 24
1328742000 23
1328828400 32
1328914800 50
1329001200 16
1329087600 26
1329174000 18
1329260400 19
1329346800 18
1329433200 24
1329519600 21
1329606000 19
1329692400 6
1329778800 17
1329865200 27
1329951600 31
1330038000 21
1330124400 19
1330210800 27
1330297200 20
1330383600 14
1330470000 20
1330556400 8
1330642800 34
1330729200 46
1330815600 35
1330902000 17
1330988400 19
1331074800 28
1331161200 31
1331247600 35
1331334000 30
1331420400 26
1331506800 15
1331593200 20
1331679600 34
1331766000 34
1331852400 30
1331938800 41
1332025200 22
1332111600 13
1332198000 23
1332284400 25
1332370800 25
1332457200 31
1332543600 30
1332630000 27
1332712800 13
1332799200 17
1332885600 29
1332972000 26
1333058400 19
1333144800 17
1333231200 10
1333317600 18
1333404000 21
1333490400 22
1333576800 41
1333663200 38
1333749600 36
1333836000 31
1333922400 7
1334008800 13
1334095200 32
1334181600 21
1334268000 51
1334354400 31
1334440800 25
1334527200 18
1334613600 12
1334700000 31
1334786400 29
1334872800 22
1334959200 29
1335045600 22
1335132000 18
1335218400 18
1335304800 27
1335391200 38
1335477600 26
1335564000 38
1335650400 27
1335736800 15
1335823200 6
1335909600 26
1335996000 17
1336082400 35
1336168800 37
1336255200 22
1336341600 18
1336428000 8
1336514400 16
1336600800 33
1336687200 26
1336773600 25
1336860000 23
1336946400 17
1337032800 9
1337119200 25
1337205600 23
1337292000 31
1337378400 16
1337464800 17
1337551200 11
1337637600 14
1337724000 32
1337810400 31
1337896800 26
1337983200 23
1338069600 27
1338156000 12
1338242400 10
1338328800 16
1338415200 25
1338501600 34
1338588000 20
1338674400 18
1338760800 11
1338847200 19
1338933600 23
1339020000 39
1339106400 29
1339192800 17
1339279200 25
1339365600 9
1339452000 10
1339538400 21
1339624800 37
1339711200 23
1339797600 33
1339884000 18
1339970400 5
1340056800 7
1340143200 24
1340229600 20
1340316000 29
1340402400 17
1340488800 23
1340575200 11
1340661600 4
1340748000 17
1340834400 27
1340920800 15
1341007200 24
1341093600 25
1341180000 8
1341266400 20
1341352800 36
1341439200 22
1341525600 17
1341612000 18
1341698400 35
1341784800 15
1341871200 12
1341957600 26
1342044000 22
1342130400 30
1342216800 23
1342303200 23
1342389600 9
1342476000 11
1342562400 8
1342648800 29
1342735200 18
1342821600 17
1342908000 21
1342994400 17
1343080800 11
1343167200 12
1343253600 25
1343340000 26
1343426400 24
1343512800 35
1343599200 7
1343685600 7
1343772000 26
1343858400 22
1343944800 32
1344031200 27
1344117600 31
1344204000 19
1344290400 8
1344376800 17
1344463200 29
1344549600 25
1344636000 19
1344722400 20
1344808800 13
1344895200 7
1344981600 27
1345068000 15
1345154400 24
1345240800 25
1345327200 27
1345413600 9
1345500000 7
1345586400 18
1345672800 24
1345759200 21
1345845600 18
1345932000 20
1346018400 14
1346104800 14
1346191200 10
1346277600 11
1346364000 12
1346450400 23
1346536800 15
1346623200 11
1346709600 18
1346796000 10
1346882400 10
1346968800 20
1347055200 23
1347141600 10
1347228000 16
1347314400 13
1347400800 14
1347487200 22
1347573600 23
1347660000 24
1347746400 20
1347832800 16
1347919200 8
1348005600 18
1348092000 21
1348178400 18
1348264800 15
1348351200 30
1348437600 5
1348524000 9
1348610400 23
1348696800 19
1348783200 12
1348869600 17
1348956000 15
1349042400 18
1349128800 5
1349215200 26
1349301600 36
1349388000 17
1349474400 32
1349560800 21
1349647200 10
1349733600 10
1349820000 23
1349906400 28
1349992800 30
1350079200 18
1350165600 24
1350252000 17
1350338400 9
1350424800 21
1350511200 30
1350597600 19
1350684000 17
1350770400 21
1350856800 3
1350943200 11
1351029600 14
1351116000 21
1351202400 25
1351288800 18
1351375200 9
1351465200 9
1351551600 2
1351638000 6
1351724400 11
1351810800 12
1351897200 4
1351983600 6
1352070000 16
1352156400 3
1352242800 14
1352329200 10
1352415600 10
1352502000 13
1352588400 22
1352674800 4
1352761200 10
1352847600 13
1352934000 15
1353020400 19
1353106800 14
1353193200 13
1353279600 9
1353366000 3
1353452400 22
1353538800 19
1353625200 6
1353711600 20
1353798000 16
1353884400 7
1353970800 9
1354057200 17
1354143600 27
1354230000 15
1354316400 28
1354402800 13
1354489200 9
1354575600 10
1354662000 18
1354748400 13
1354834800 10
1354921200 6
1355007600 15
1355094000 8
1355180400 8
1355266800 21
1355353200 14
1355439600 11
1355526000 22
1355612400 12
1355698800 7
1355785200 6
1355871600 24
1355958000 23
1356044400 6
1356130800 14
1356217200 14
1356303600 10
1356390000 2
1356476400 2
1356562800 4
1356649200 13
1356735600 18
1356822000 18
1356908400 1
