1325458800 368
1325545200 425
1325631600 533
1325718000 604
1325804400 674
1325890800 1045
1325977200 866
1326063600 501
1326150000 620
1326236400 808
1326322800 916
1326409200 883
1326495600 861
1326582000 797
1326668400 626
1326754800 618
1326841200 809
1326927600 941
1327014000 792
1327100400 883
1327186800 703
1327273200 633
1327359600 698
1327446000 852
1327532400 1078
1327618800 837
1327705200 927
1327791600 892
1327878000 649
1327964400 537
1328050800 720
1328137200 1003
1328223600 961
1328310000 992
1328396400 899
1328482800 560
1328569200 593
1328655600 710
1328742000 801
1328828400 847
1328914800 1044
1329001200 886
1329087600 640
1329174000 588
1329260400 713
1329346800 861
1329433200 664
1329519600 984
1329606000 942
1329692400 663
1329778800 713
1329865200 791
1329951600 899
1330038000 821
1330124400 726
1330210800 896
1330297200 654
1330383600 543
1330470000 848
1330556400 596
1330642800 701
1330729200 1014
1330815600 1040
1330902000 716
1330988400 638
1331074800 746
1331161200 972
1331247600 981
1331334000 990
1331420400 917
1331506800 676
1331593200 725
1331679600 805
1331766000 934
1331852400 849
1331938800 876
1332025200 941
1332111600 712
1332198000 633
1332284400 687
1332370800 677
1332457200 852
1332543600 829
1332630000 828
1332712800 492
1332799200 563
1332885600 675
1332972000 669
1333058400 619
1333144800 614
1333231200 640
1333317600 524
1333404000 594
1333490400 670
1333576800 821
1333663200 889
1333749600 797
1333836000 823
1333922400 433
1334008800 535
1334095200 638
1334181600 675
1334268000 708
1334354400 870
1334440800 764
1334527200 556
1334613600 510
1334700000 668
1334786400 684
1334872800 687
1334959200 788
1335045600 696
1335132000 365
1335218400 468
1335304800 558
1335391200 698
1335477600 628
1335564000 708
1335650400 671
1335736800 448
1335823200 489
1335909600 591
1335996000 673
1336082400 641
1336168800 674
1336255200 596
1336341600 477
1336428000 369
1336514400 621
1336600800 597
1336687200 597
1336773600 648
1336860000 631
1336946400 408
1337032800 395
1337119200 436
1337205600 694
1337292000 607
1337378400 610
1337464800 448
1337551200 393
1337637600 298
1337724000 538
1337810400 551
1337896800 528
1337983200 595
1338069600 497
1338156000 381
1338242400 256
1338328800 459
1338415200 446
1338501600 530
1338588000 508
1338674400 364
1338760800 380
1338847200 356
1338933600 554
1339020000 524
1339106400 448
1339192800 444
1339279200 447
1339365600 336
1339452000 280
1339538400 366
1339624800 471
1339711200 451
1339797600 533
1339884000 511
1339970400 271
1340056800 297
1340143200 463
1340229600 453
1340316000 419
1340402400 338
1340488800 408
1340575200 273
1340661600 224
1340748000 307
1340834400 417
1340920800 437
1341007200 493
1341093600 381
1341180000 308
1341266400 261
1341352800 386
1341439200 435
1341525600 405
1341612000 401
1341698400 443
1341784800 338
1341871200 268
1341957600 433
1342044000 426
1342130400 450
1342216800 499
1342303200 439
1342389600 298
1342476000 279
1342562400 468
1342648800 488
1342735200 447
1342821600 424
1342908000 463
1342994400 496
1343080800 338
1343167200 368
1343253600 472
1343340000 411
1343426400 477
1343512800 413
1343599200 419
1343685600 318
1343772000 418
1343858400 426
1343944800 454
1344031200 479
1344117600 455
1344204000 345
1344290400 281
1344376800 470
1344463200 525
1344549600 490
1344636000 501
1344722400 469
1344808800 410
1344895200 369
1344981600 491
1345068000 394
1345154400 410
1345240800 413
1345327200 499
1345413600 407
1345500000 285
1345586400 410
1345672800 461
1345759200 439
1345845600 407
1345932000 379
1346018400 327
1346104800 312
1346191200 376
1346277600 428
1346364000 384
1346450400 414
1346536800 368
1346623200 328
1346709600 333
1346796000 330
1346882400 318
1346968800 418
1347055200 412
1347141600 434
1347228000 351
1347314400 325
1347400800 462
1347487200 510
1347573600 391
1347660000 539
1347746400 467
1347832800 407
1347919200 370
1348005600 369
1348092000 510
1348178400 564
1348264800 497
1348351200 546
1348437600 338
1348524000 317
1348610400 425
1348696800 475
1348783200 481
1348869600 555
1348956000 585
1349042400 363
1349128800 344
1349215200 476
1349301600 618
1349388000 623
1349474400 590
1349560800 612
1349647200 407
1349733600 403
1349820000 514
1349906400 577
1349992800 606
1350079200 520
1350165600 451
1350252000 395
1350338400 358
1350424800 469
1350511200 596
1350597600 463
1350684000 480
1350770400 495
1350856800 316
1350943200 375
1351029600 465
1351116000 467
1351202400 526
1351288800 526
1351375200 322
1351465200 219
1351551600 59
1351638000 167
1351724400 275
1351810800 228
1351897200 210
1351983600 218
1352070000 152
1352156400 136
1352242800 173
1352329200 140
1352415600 265
1352502000 362
1352588400 353
1352674800 256
1352761200 306
1352847600 321
1352934000 385
1353020400 386
1353106800 413
1353193200 364
1353279600 315
1353366000 211
1353452400 342
1353538800 330
1353625200 172
1353711600 349
1353798000 352
1353884400 296
1353970800 200
1354057200 342
1354143600 423
1354230000 392
1354316400 576
1354402800 416
1354489200 360
1354575600 279
1354662000 408
1354748400 393
1354834800 359
1354921200 388
1355007600 448
1355094000 304
1355180400 257
1355266800 388
1355353200 432
1355439600 386
1355526000 360
1355612400 354
1355698800 281
1355785200 251
1355871600 371
1355958000 409
1356044400 308
1356130800 302
1356217200 297
1356303600 299
1356390000 128
1356476400 67
1356562800 261
1356649200 308
1356735600 398
1356822000 313
1356908400 269
