1325458800 25
1325545200 31
1325631600 73
1325718000 76
1325804400 88
1325890800 133
1325977200 117
1326063600 48
1326150000 59
1326236400 117
1326322800 80
1326409200 93
1326495600 100
1326582000 77
1326668400 53
1326754800 73
1326841200 112
1326927600 103
1327014000 106
1327100400 148
1327186800 71
1327273200 40
1327359600 34
1327446000 120
1327532400 65
1327618800 62
1327705200 112
1327791600 122
1327878000 66
1327964400 61
1328050800 121
1328137200 130
1328223600 97
1328310000 83
1328396400 97
1328482800 46
1328569200 76
1328655600 132
1328742000 82
1328828400 89
1328914800 132
1329001200 93
1329087600 69
1329174000 57
1329260400 106
1329346800 105
1329433200 83
1329519600 98
1329606000 88
1329692400 50
1329778800 49
1329865200 79
1329951600 94
1330038000 73
1330124400 97
1330210800 145
1330297200 64
1330383600 48
1330470000 81
1330556400 60
1330642800 59
1330729200 107
1330815600 94
1330902000 71
1330988400 56
1331074800 103
1331161200 103
1331247600 52
1331334000 110
1331420400 119
1331506800 64
1331593200 71
1331679600 88
1331766000 98
1331852400 81
1331938800 100
1332025200 91
1332111600 47
1332198000 53
1332284400 110
1332370800 94
1332457200 86
1332543600 117
1332630000 87
1332712800 50
1332799200 37
1332885600 101
1332972000 88
1333058400 79
1333144800 82
1333231200 80
1333317600 75
1333404000 47
1333490400 97
1333576800 80
1333663200 99
1333749600 102
1333836000 99
1333922400 34
1334008800 33
1334095200 69
1334181600 73
1334268000 86
1334354400 100
1334440800 84
1334527200 78
1334613600 73
1334700000 92
1334786400 73
1334872800 87
1334959200 110
1335045600 68
1335132000 16
1335218400 53
1335304800 57
1335391200 97
1335477600 80
1335564000 65
1335650400 66
1335736800 32
1335823200 29
1335909600 80
1335996000 76
1336082400 50
1336168800 77
1336255200 103
1336341600 63
1336428000 67
1336514400 75
1336600800 86
1336687200 90
1336773600 64
1336860000 43
1336946400 39
1337032800 48
1337119200 44
1337205600 73
1337292000 82
1337378400 50
1337464800 28
1337551200 62
1337637600 34
1337724000 98
1337810400 73
1337896800 59
1337983200 91
1338069600 38
1338156000 32
1338242400 33
1338328800 65
1338415200 65
1338501600 51
1338588000 78
1338674400 69
1338760800 49
1338847200 24
1338933600 51
1339020000 56
1339106400 50
1339192800 50
1339279200 49
1339365600 59
1339452000 27
1339538400 36
1339624800 40
1339711200 31
1339797600 53
1339884000 63
1339970400 47
1340056800 23
1340143200 38
1340229600 30
1340316000 45
1340402400 35
1340488800 36
1340575200 14
1340661600 20
1340748000 27
1340834400 51
1340920800 60
1341007200 44
1341093600 52
1341180000 14
1341266400 27
1341352800 83
1341439200 75
1341525600 36
1341612000 44
1341698400 36
1341784800 26
1341871200 28
1341957600 62
1342044000 61
1342130400 37
1342216800 55
1342303200 52
1342389600 39
1342476000 15
1342562400 52
1342648800 61
1342735200 47
1342821600 80
1342908000 68
1342994400 39
1343080800 19
1343167200 47
1343253600 76
1343340000 36
1343426400 75
1343512800 41
1343599200 71
1343685600 27
1343772000 68
1343858400 40
1343944800 47
1344031200 53
1344117600 72
1344204000 35
1344290400 30
1344376800 74
1344463200 61
1344549600 52
1344636000 81
1344722400 46
1344808800 25
1344895200 20
1344981600 37
1345068000 52
1345154400 76
1345240800 56
1345327200 64
1345413600 62
1345500000 37
1345586400 59
1345672800 73
1345759200 49
1345845600 48
1345932000 76
1346018400 40
1346104800 28
1346191200 31
1346277600 51
1346364000 42
1346450400 29
1346536800 37
1346623200 61
1346709600 26
1346796000 54
1346882400 36
1346968800 45
1347055200 59
1347141600 67
1347228000 70
1347314400 21
1347400800 42
1347487200 41
1347573600 52
1347660000 42
1347746400 60
1347832800 41
1347919200 28
1348005600 32
1348092000 38
1348178400 43
1348264800 41
1348351200 38
1348437600 51
1348524000 31
1348610400 56
1348696800 47
1348783200 97
1348869600 78
1348956000 48
1349042400 54
1349128800 17
1349215200 37
1349301600 70
1349388000 53
1349474400 57
1349560800 71
1349647200 57
1349733600 33
1349820000 48
1349906400 62
1349992800 41
1350079200 68
1350165600 50
1350252000 50
1350338400 25
1350424800 28
1350511200 48
1350597600 47
1350684000 47
1350770400 32
1350856800 30
1350943200 29
1351029600 64
1351116000 38
1351202400 54
1351288800 60
1351375200 61
1351465200 32
1351551600 13
1351638000 3
1351724400 10
1351810800 19
1351897200 34
1351983600 19
1352070000 32
1352156400 29
1352242800 31
1352329200 23
1352415600 22
1352502000 29
1352588400 43
1352674800 15
1352761200 15
1352847600 33
1352934000 40
1353020400 32
1353106800 35
1353193200 32
1353279600 17
1353366000 17
1353452400 45
1353538800 23
1353625200 14
1353711600 39
1353798000 26
1353884400 14
1353970800 31
1354057200 45
1354143600 45
1354230000 55
1354316400 39
1354402800 35
1354489200 20
1354575600 24
1354662000 46
1354748400 44
1354834800 53
1354921200 64
1355007600 69
1355094000 18
1355180400 21
1355266800 37
1355353200 57
1355439600 35
1355526000 13
1355612400 25
1355698800 9
1355785200 20
1355871600 31
1355958000 34
1356044400 45
1356130800 24
1356217200 23
1356303600 12
1356390000 5
1356562800 19
1356649200 39
1356735600 43
1356822000 31
1356908400 15
