1325458800 2
1325545200 2
1325718000 9
1325804400 6
1325890800 12
1325977200 7
1326063600 1
1326150000 3
1326236400 10
1326322800 3
1326409200 13
1326495600 6
1326582000 6
1326668400 7
1326754800 3
1326841200 5
1326927600 4
1327014000 8
1327100400 13
1327186800 5
1327273200 2
1327446000 4
1327532400 9
1327618800 5
1327705200 4
1327791600 4
1327878000 2
1327964400 1
1328050800 8
1328137200 10
1328223600 1
1328310000 5
1328396400 7
1328482800 1
1328569200 3
1328655600 2
1328742000 6
1328828400 6
1328914800 8
1329001200 12
1329087600 2
1329174000 5
1329260400 8
1329346800 9
1329433200 1
1329519600 8
1329606000 2
1329778800 1
1329865200 3
1329951600 9
1330038000 1
1330124400 5
1330210800 4
1330297200 1
1330470000 5
1330642800 7
1330729200 16
1330815600 4
1330902000 4
1330988400 1
1331074800 10
1331161200 5
1331247600 3
1331334000 7
1331506800 4
1331593200 4
1331679600 8
1331766000 3
1331852400 10
1331938800 8
1332025200 1
1332111600 1
1332284400 3
1332370800 3
1332457200 8
1332543600 8
1332630000 3
1332712800 1
1332799200 1
1332885600 7
1332972000 4
1333058400 3
1333144800 5
1333231200 1
1333317600 2
1333404000 3
1333490400 10
1333576800 3
1333663200 9
1333749600 7
1333836000 5
1334095200 7
1334181600 6
1334268000 2
1334354400 9
1334440800 12
1334527200 8
1334613600 3
1334700000 9
1334786400 6
1334872800 7
1334959200 2
1335045600 4
1335132000 2
1335218400 8
1335304800 2
1335391200 1
1335477600 1
1335650400 5
1335736800 3
1335823200 1
1335909600 4
1335996000 6
1336082400 1
1336168800 5
1336255200 5
1336341600 3
1336428000 3
1336514400 2
1336600800 5
1336687200 2
1336773600 4
1336860000 1
1336946400 1
1337032800 4
1337119200 3
1337205600 6
1337292000 5
1337464800 3
1337551200 4
1337637600 1
1337724000 6
1337810400 7
1337896800 2
1337983200 7
1338069600 2
1338156000 3
1338242400 3
1338328800 1
1338588000 9
1338674400 5
1338760800 1
1338933600 3
1339020000 7
1339106400 3
1339192800 5
1339279200 1
1339365600 2
1339452000 3
1339538400 1
1339624800 2
1339797600 3
1339884000 9
1339970400 1
1340056800 2
1340143200 2
1340229600 2
1340316000 5
1340402400 3
1340488800 1
1340575200 1
1340748000 3
1340834400 2
1340920800 2
1341007200 4
1341093600 2
1341180000 1
1341352800 6
1341439200 4
1341525600 2
1341612000 4
1341698400 5
1341784800 1
1341871200 1
1341957600 4
1342044000 5
1342130400 6
1342216800 5
1342303200 3
1342389600 4
1342476000 1
1342562400 3
1342648800 4
1342735200 6
1342821600 5
1342908000 2
1342994400 1
1343167200 2
1343253600 5
1343340000 3
1343426400 2
1343599200 3
1343772000 6
1343858400 1
1343944800 3
1344031200 5
1344117600 1
1344204000 1
1344376800 2
1344463200 5
1344549600 5
1344636000 3
1344722400 1
1344808800 1
1344895200 1
1344981600 2
1345068000 5
1345154400 4
1345240800 4
1345327200 1
1345413600 4
1345586400 1
1345672800 3
1345759200 3
1345845600 6
1345932000 1
1346104800 1
1346277600 3
1346364000 3
1346450400 8
1346536800 1
1346623200 1
1346709600 2
1346796000 5
1346882400 1
1346968800 3
1347055200 7
1347141600 5
1347228000 4
1347400800 5
1347487200 3
1347573600 3
1348005600 2
1348092000 4
1348178400 2
1348264800 1
1348351200 3
1348437600 5
1348524000 1
1348610400 2
1348696800 5
1348783200 2
1348869600 1
1348956000 3
1349128800 1
1349215200 3
1349301600 2
1349388000 3
1349474400 2
1349560800 2
1349647200 2
1349820000 2
1349906400 3
1350079200 3
1350165600 2
1350252000 1
1350424800 3
1350511200 6
1350597600 2
1350684000 2
1350943200 1
1351029600 4
1351116000 3
1351202400 1
1351288800 1
1351465200 3
1351638000 3
1351897200 5
1351983600 4
1352070000 1
1352156400 1
1352329200 1
1352415600 2
1352502000 5
1352588400 5
1352674800 2
1352761200 1
1352847600 2
1352934000 5
1353020400 3
1353106800 1
1353193200 3
1353279600 1
1353452400 1
1353625200 1
1353711600 3
1353798000 1
1353884400 1
1353970800 3
1354057200 1
1354143600 2
1354230000 2
1354316400 3
1354402800 1
1354489200 3
1354662000 2
1354748400 4
1354834800 2
1354921200 1
1355007600 4
1355094000 2
1355180400 3
1355266800 3
1355353200 4
1355526000 1
1355785200 2
1355871600 4
1355958000 2
1356130800 1
1356217200 5
1356649200 1
1356735600 2
1356822000 3
