1262386800 276
1262473200 276
1262559600 251
1262646000 194
1262732400 316
1262818800 363
1262905200 437
1262991600 449
1263078000 353
1263164400 216
1263250800 281
1263337200 409
1263423600 383
1263510000 500
1263596400 540
1263682800 430
1263769200 234
1263855600 348
1263942000 459
1264028400 420
1264114800 445
1264201200 495
1264287600 501
1264374000 252
1264460400 233
1264546800 380
1264633200 365
1264719600 438
1264806000 380
1264892400 388
1264978800 334
1265065200 244
1265151600 326
1265238000 411
1265324400 367
1265410800 461
1265497200 500
1265583600 286
1265670000 231
1265756400 346
1265842800 224
1265929200 366
1266015600 365
1266102000 354
1266188400 243
1266274800 296
1266361200 251
1266447600 375
1266534000 440
1266620400 447
1266706800 445
1266793200 331
1266879600 251
1266966000 256
1267052400 472
1267138800 259
1267225200 275
1267311600 380
1267398000 230
1267484400 234
1267570800 316
1267657200 376
1267743600 375
1267830000 336
1267916400 349
1268002800 227
1268089200 217
1268175600 332
1268262000 418
1268348400 440
1268434800 411
1268521200 262
1268607600 247
1268694000 270
1268780400 330
1268866800 304
1268953200 345
1269039600 436
1269126000 488
1269212400 279
1269298800 176
1269385200 292
1269471600 390
1269558000 339
1269644400 380
1269730800 330
1269813600 204
1269900000 207
1269986400 235
1270072800 431
1270159200 405
1270245600 404
1270332000 445
1270418400 266
1270504800 315
1270591200 380
1270677600 424
1270764000 495
1270850400 426
1270936800 437
1271023200 423
1271109600 291
1271196000 378
1271282400 468
1271368800 400
1271455200 401
1271541600 403
1271628000 370
1271714400 304
1271800800 451
1271887200 412
1271973600 471
1272060000 405
1272146400 416
1272232800 274
1272319200 212
1272405600 429
1272492000 409
1272578400 487
1272664800 499
1272751200 455
1272837600 323
1272924000 226
1273010400 331
1273096800 406
1273183200 402
1273269600 538
1273356000 414
1273442400 340
1273528800 257
1273615200 362
1273701600 370
1273788000 383
1273874400 486
1273960800 374
1274047200 290
1274133600 267
1274220000 247
1274306400 365
1274392800 392
1274479200 393
1274565600 400
1274652000 333
1274738400 300
1274824800 362
1274911200 427
1274997600 427
1275084000 493
1275170400 428
1275256800 247
1275343200 175
1275429600 222
1275516000 314
1275602400 344
1275688800 424
1275775200 337
1275861600 246
1275948000 190
1276034400 300
1276120800 292
1276207200 446
1276293600 442
1276380000 382
1276466400 408
1276552800 191
1276639200 279
1276725600 376
1276812000 273
1276898400 383
1276984800 352
1277071200 217
1277157600 184
1277244000 262
1277330400 304
1277416800 312
1277503200 280
1277589600 307
1277676000 185
1277762400 141
1277848800 296
1277935200 298
1278021600 287
1278108000 360
1278194400 319
1278280800 398
1278367200 316
1278453600 296
1278540000 309
1278626400 316
1278712800 350
1278799200 417
1278885600 201
1278972000 187
1279058400 238
1279144800 287
1279231200 287
1279317600 323
1279404000 186
1279490400 200
1279576800 164
1279663200 271
1279749600 262
1279836000 292
1279922400 315
1280008800 292
1280095200 271
1280181600 194
1280268000 279
1280354400 312
1280440800 361
1280527200 308
1280613600 338
1280700000 277
1280786400 182
1280872800 246
1280959200 275
1281045600 312
1281132000 297
1281218400 298
1281304800 308
1281391200 205
1281477600 249
1281564000 309
1281650400 336
1281736800 357
1281823200 348
1281909600 302
1281996000 196
1282082400 316
1282168800 362
1282255200 310
1282341600 322
1282428000 326
1282514400 264
1282600800 220
1282687200 315
1282773600 289
1282860000 345
1282946400 356
1283032800 400
1283119200 318
1283205600 203
1283292000 319
1283378400 288
1283464800 327
1283551200 379
1283637600 300
1283724000 269
1283810400 188
1283896800 251
1283983200 338
1284069600 373
1284156000 394
1284242400 334
1284328800 211
1284415200 184
1284501600 274
1284588000 310
1284674400 311
1284760800 326
1284847200 354
1284933600 229
1285020000 166
1285106400 303
1285192800 254
1285279200 319
1285365600 276
1285452000 309
1285538400 220
1285624800 165
1285711200 294
1285797600 372
1285884000 375
1285970400 359
1286056800 363
1286143200 227
1286229600 180
1286316000 394
1286402400 373
1286488800 459
1286575200 494
1286661600 335
1286748000 276
1286834400 242
1286920800 369
1287007200 403
1287093600 390
1287180000 573
1287266400 471
1287352800 350
1287439200 186
1287525600 382
1287612000 451
1287698400 476
1287784800 575
1287871200 435
1287957600 323
1288044000 241
1288130400 335
1288216800 423
1288303200 484
1288389600 533
1288476000 492
1288566000 454
1288652400 245
1288738800 280
1288825200 403
1288911600 385
1288998000 471
1289084400 452
1289170800 279
1289257200 232
1289343600 396
1289430000 425
1289516400 454
1289602800 505
1289689200 493
1289775600 288
1289862000 315
1289948400 320
1290034800 382
1290121200 481
1290207600 468
1290294000 489
1290380400 278
1290466800 258
1290553200 400
1290639600 390
1290726000 158
1290812400 460
1290898800 441
1290985200 285
1291071600 212
1291158000 315
1291244400 286
1291330800 426
1291417200 404
1291503600 416
1291590000 222
1291676400 226
1291762800 365
1291849200 364
1291935600 320
1292022000 377
1292108400 358
1292194800 195
1292281200 218
1292367600 262
1292454000 314
1292540400 286
1292626800 384
1292713200 420
1292799600 232
1292886000 242
1292972400 312
1293058800 424
1293145200 379
1293231600 255
1293318000 68
1293404400 88
1293490800 69
1293577200 244
1293663600 340
1293750000 407
