1262386800 32
1262473200 27
1262559600 19
1262646000 6
1262732400 35
1262818800 34
1262905200 40
1262991600 49
1263078000 28
1263164400 15
1263250800 23
1263337200 40
1263423600 27
1263510000 49
1263596400 63
1263682800 29
1263769200 17
1263855600 37
1263942000 58
1264028400 40
1264114800 49
1264201200 53
1264287600 32
1264374000 17
1264460400 21
1264546800 39
1264633200 34
1264719600 37
1264806000 43
1264892400 29
1264978800 22
1265065200 19
1265151600 34
1265238000 36
1265324400 31
1265410800 40
1265497200 38
1265583600 22
1265670000 20
1265756400 32
1265842800 16
1265929200 36
1266015600 47
1266102000 37
1266188400 19
1266274800 17
1266361200 30
1266447600 29
1266534000 46
1266620400 57
1266706800 40
1266793200 25
1266879600 16
1266966000 23
1267052400 42
1267138800 35
1267225200 21
1267311600 28
1267398000 12
1267484400 26
1267570800 36
1267657200 37
1267743600 42
1267830000 49
1267916400 36
1268002800 21
1268089200 12
1268175600 33
1268262000 43
1268348400 41
1268434800 45
1268521200 28
1268607600 21
1268694000 18
1268780400 33
1268866800 38
1268953200 50
1269039600 37
1269126000 31
1269212400 20
1269298800 13
1269385200 43
1269471600 43
1269558000 31
1269644400 29
1269730800 30
1269813600 16
1269900000 15
1269986400 23
1270072800 28
1270159200 29
1270245600 48
1270332000 48
1270418400 18
1270504800 24
1270591200 30
1270677600 49
1270764000 61
1270850400 38
1270936800 33
1271023200 27
1271109600 16
1271196000 26
1271282400 42
1271368800 51
1271455200 47
1271541600 30
1271628000 29
1271714400 20
1271800800 41
1271887200 30
1271973600 59
1272060000 42
1272146400 40
1272232800 30
1272319200 24
1272405600 49
1272492000 48
1272578400 63
1272664800 30
1272751200 43
1272837600 18
1272924000 8
1273010400 33
1273096800 31
1273183200 37
1273269600 55
1273356000 35
1273442400 20
1273528800 11
1273615200 43
1273701600 47
1273788000 67
1273874400 51
1273960800 33
1274047200 22
1274133600 20
1274220000 34
1274306400 52
1274392800 53
1274479200 38
1274565600 34
1274652000 16
1274738400 30
1274824800 54
1274911200 41
1274997600 37
1275084000 38
1275170400 39
1275256800 22
1275343200 20
1275429600 19
1275516000 29
1275602400 37
1275688800 44
1275775200 32
1275861600 17
1275948000 20
1276034400 33
1276120800 34
1276207200 54
1276293600 37
1276380000 32
1276466400 49
1276552800 21
1276639200 29
1276725600 36
1276812000 36
1276898400 46
1276984800 32
1277071200 24
1277157600 21
1277244000 22
1277330400 35
1277416800 32
1277503200 27
1277589600 29
1277676000 17
1277762400 13
1277848800 25
1277935200 28
1278021600 40
1278108000 35
1278194400 26
1278280800 28
1278367200 18
1278453600 39
1278540000 31
1278626400 39
1278712800 48
1278799200 39
1278885600 24
1278972000 14
1279058400 38
1279144800 43
1279231200 33
1279317600 52
1279404000 15
1279490400 30
1279576800 21
1279663200 34
1279749600 28
1279836000 33
1279922400 42
1280008800 29
1280095200 14
1280181600 18
1280268000 40
1280354400 38
1280440800 39
1280527200 38
1280613600 24
1280700000 17
1280786400 19
1280872800 21
1280959200 34
1281045600 43
1281132000 32
1281218400 39
1281304800 28
1281391200 21
1281477600 32
1281564000 50
1281650400 40
1281736800 27
1281823200 36
1281909600 20
1281996000 17
1282082400 38
1282168800 44
1282255200 29
1282341600 37
1282428000 26
1282514400 15
1282600800 10
1282687200 24
1282773600 36
1282860000 45
1282946400 28
1283032800 25
1283119200 22
1283205600 22
1283292000 29
1283378400 32
1283464800 61
1283551200 47
1283637600 30
1283724000 19
1283810400 20
1283896800 22
1283983200 44
1284069600 34
1284156000 37
1284242400 25
1284328800 16
1284415200 15
1284501600 22
1284588000 38
1284674400 26
1284760800 38
1284847200 35
1284933600 14
1285020000 23
1285106400 32
1285192800 29
1285279200 36
1285365600 17
1285452000 19
1285538400 21
1285624800 10
1285711200 26
1285797600 30
1285884000 49
1285970400 32
1286056800 42
1286143200 33
1286229600 17
1286316000 43
1286402400 31
1286488800 54
1286575200 52
1286661600 28
1286748000 12
1286834400 26
1286920800 51
1287007200 43
1287093600 39
1287180000 49
1287266400 50
1287352800 31
1287439200 19
1287525600 44
1287612000 46
1287698400 61
1287784800 53
1287871200 46
1287957600 25
1288044000 26
1288130400 42
1288216800 62
1288303200 40
1288389600 37
1288476000 36
1288566000 29
1288652400 17
1288738800 38
1288825200 36
1288911600 45
1288998000 54
1289084400 43
1289170800 20
1289257200 13
1289343600 38
1289430000 59
1289516400 39
1289602800 45
1289689200 66
1289775600 20
1289862000 23
1289948400 30
1290034800 37
1290121200 54
1290207600 46
1290294000 47
1290380400 27
1290466800 20
1290553200 35
1290639600 32
1290726000 14
1290812400 45
1290898800 44
1290985200 25
1291071600 13
1291158000 29
1291244400 23
1291330800 31
1291417200 48
1291503600 54
1291590000 24
1291676400 18
1291762800 37
1291849200 38
1291935600 41
1292022000 33
1292108400 43
1292194800 17
1292281200 23
1292367600 33
1292454000 19
1292540400 29
1292626800 31
1292713200 41
1292799600 13
1292886000 11
1292972400 31
1293058800 23
1293145200 30
1293231600 14
1293318000 6
1293404400 6
1293490800 2
1293577200 21
1293663600 32
1293750000 26
