1325372400 24
1325458800 21
1325545200 35
1325631600 33
1325718000 40
1325804400 48
1325890800 52
1325977200 27
1326063600 30
1326150000 54
1326236400 42
1326322800 46
1326409200 43
1326495600 32
1326582000 8
1326668400 45
1326754800 36
1326841200 43
1326927600 36
1327014000 36
1327100400 28
1327186800 40
1327273200 18
1327359600 55
1327446000 53
1327532400 61
1327618800 78
1327705200 28
1327791600 20
1327878000 29
1327964400 29
1328050800 40
1328137200 30
1328223600 54
1328310000 31
1328396400 19
1328482800 11
1328569200 42
1328655600 26
1328742000 43
1328828400 42
1328914800 18
1329001200 28
1329087600 31
1329174000 35
1329260400 41
1329346800 18
1329433200 38
1329519600 25
1329606000 18
1329692400 31
1329778800 40
1329865200 50
1329951600 30
1330038000 61
1330124400 47
1330210800 18
1330297200 22
1330383600 65
1330470000 39
1330556400 50
1330642800 51
1330729200 31
1330815600 12
1330902000 23
1330988400 18
1331074800 39
1331161200 50
1331247600 64
1331334000 29
1331420400 29
1331506800 32
1331593200 46
1331679600 39
1331766000 45
1331852400 46
1331938800 50
1332025200 16
1332111600 30
1332198000 30
1332284400 45
1332370800 37
1332457200 33
1332543600 23
1332630000 17
1332712800 24
1332799200 25
1332885600 38
1332972000 29
1333058400 23
1333144800 32
1333231200 11
1333317600 27
1333404000 24
1333490400 25
1333576800 35
1333663200 47
1333749600 30
1333836000 25
1333922400 43
1334008800 50
1334095200 28
1334181600 41
1334268000 25
1334354400 27
1334440800 17
1334527200 19
1334613600 32
1334700000 33
1334786400 38
1334872800 36
1334959200 30
1335045600 29
1335132000 12
1335218400 45
1335304800 38
1335391200 37
1335477600 39
1335564000 43
1335650400 13
1335736800 23
1335823200 22
1335909600 36
1335996000 45
1336082400 27
1336168800 36
1336255200 10
1336341600 33
1336428000 46
1336514400 25
1336600800 50
1336687200 35
1336773600 19
1336860000 17
1336946400 17
1337032800 38
1337119200 23
1337205600 22
1337292000 30
1337378400 28
1337464800 7
1337551200 24
1337637600 33
1337724000 16
1337810400 35
1337896800 33
1337983200 12
1338069600 14
1338156000 8
1338242400 28
1338328800 17
1338415200 40
1338501600 14
1338588000 15
1338674400 1
1338760800 17
1338847200 19
1338933600 18
1339020000 22
1339106400 23
1339192800 17
1339279200 33
1339365600 20
1339452000 12
1339538400 33
1339624800 12
1339711200 18
1339797600 28
1339884000 9
1339970400 10
1340056800 27
1340143200 12
1340229600 11
1340316000 24
1340402400 19
1340488800 13
1340575200 14
1340661600 27
1340748000 17
1340834400 22
1340920800 39
1341007200 30
1341093600 15
1341180000 12
1341266400 28
1341352800 20
1341439200 17
1341525600 23
1341612000 32
1341698400 4
1341784800 6
1341871200 14
1341957600 26
1342044000 30
1342130400 23
1342216800 21
1342303200 22
1342389600 11
1342476000 19
1342562400 26
1342648800 26
1342735200 19
1342821600 16
1342908000 13
1342994400 8
1343080800 22
1343167200 36
1343253600 26
1343340000 34
1343426400 33
1343512800 13
1343599200 8
1343685600 21
1343772000 30
1343858400 21
1343944800 20
1344031200 18
1344117600 16
1344204000 22
1344290400 19
1344376800 17
1344463200 24
1344549600 17
1344636000 14
1344722400 14
1344808800 13
1344895200 25
1344981600 25
1345068000 45
1345154400 22
1345240800 14
1345327200 5
1345413600 12
1345500000 23
1345586400 21
1345672800 5
1345759200 27
1345845600 28
1345932000 9
1346018400 17
1346104800 20
1346191200 24
1346277600 16
1346364000 26
1346450400 28
1346536800 15
1346623200 16
1346709600 18
1346796000 25
1346882400 27
1346968800 20
1347055200 14
1347141600 9
1347228000 5
1347314400 38
1347400800 21
1347487200 31
1347573600 25
1347660000 27
1347746400 11
1347832800 9
1347919200 16
1348005600 13
1348092000 40
1348178400 26
1348264800 15
1348351200 4
1348437600 13
1348524000 19
1348610400 32
1348696800 24
1348783200 21
1348869600 45
1348956000 18
1349042400 14
1349128800 22
1349215200 23
1349301600 22
1349388000 17
1349474400 12
1349560800 14
1349647200 15
1349733600 24
1349820000 20
1349906400 15
1349992800 24
1350079200 31
1350165600 14
1350252000 13
1350338400 20
1350424800 17
1350511200 23
1350597600 17
1350684000 17
1350770400 17
1350856800 17
1350943200 37
1351029600 20
1351116000 28
1351202400 21
1351288800 27
1351375200 7
1351465200 1
1351551600 12
1351724400 5
1351810800 4
1351897200 7
1351983600 8
1352070000 5
1352156400 11
1352242800 6
1352329200 6
1352415600 2
1352502000 10
1352588400 2
1352674800 10
1352761200 22
1352847600 26
1352934000 25
1353020400 21
1353106800 25
1353193200 7
1353279600 16
1353366000 25
1353452400 13
1353538800 3
1353625200 20
1353711600 16
1353798000 13
1353884400 22
1353970800 20
1354057200 43
1354143600 45
1354230000 20
1354316400 16
1354402800 2
1354489200 12
1354575600 18
1354662000 24
1354748400 28
1354834800 11
1354921200 11
1355007600 4
1355094000 17
1355180400 26
1355266800 26
1355353200 20
1355439600 28
1355526000 16
1355612400 15
1355698800 13
1355785200 25
1355871600 30
1355958000 22
1356044400 20
1356130800 17
1356217200 10
1356303600 7
1356390000 2
1356476400 17
1356562800 27
1356649200 14
1356735600 17
1356822000 9
1356908400 12
