1230850800 13
1230937200 13
1231023600 10
1231110000 12
1231196400 11
1231282800 18
1231369200 11
1231455600 35
1231542000 33
1231628400 12
1231714800 5
1231801200 12
1231887600 33
1231974000 21
1232060400 13
1232146800 31
1232233200 17
1232319600 9
1232406000 4
1232492400 17
1232578800 17
1232665200 22
1232751600 31
1232838000 15
1232924400 9
1233010800 7
1233097200 9
1233183600 20
1233270000 39
1233356400 18
1233442800 14
1233529200 17
1233615600 15
1233702000 21
1233788400 14
1233874800 34
1233961200 14
1234047600 14
1234134000 18
1234220400 15
1234306800 12
1234393200 34
1234479600 35
1234566000 28
1234652400 17
1234738800 11
1234825200 13
1234911600 31
1234998000 21
1235084400 15
1235170800 20
1235257200 27
1235343600 13
1235430000 6
1235516400 16
1235602800 31
1235689200 24
1235775600 14
1235862000 26
1235948400 16
1236034800 7
1236121200 29
1236207600 25
1236294000 22
1236380400 30
1236466800 18
1236553200 18
1236639600 11
1236726000 19
1236812400 31
1236898800 16
1236985200 19
1237071600 25
1237158000 7
1237244400 14
1237330800 24
1237417200 17
1237503600 12
1237590000 22
1237676400 16
1237762800 5
1237849200 10
1237935600 21
1238022000 13
1238108400 18
1238194800 15
1238281200 30
1238364000 4
1238450400 8
1238536800 9
1238623200 29
1238709600 18
1238796000 13
1238882400 19
1238968800 15
1239055200 14
1239141600 19
1239228000 20
1239314400 30
1239400800 18
1239487200 20
1239573600 10
1239660000 10
1239746400 18
1239832800 15
1239919200 18
1240005600 11
1240092000 6
1240178400 16
1240264800 9
1240351200 8
1240437600 16
1240524000 16
1240610400 15
1240696800 14
1240783200 12
1240869600 6
1240956000 13
1241042400 28
1241128800 36
1241215200 17
1241301600 10
1241388000 19
1241474400 10
1241560800 17
1241647200 17
1241733600 21
1241820000 29
1241906400 16
1241992800 9
1242079200 10
1242165600 21
1242252000 17
1242338400 28
1242424800 19
1242511200 16
1242597600 14
1242684000 15
1242770400 34
1242856800 22
1242943200 18
1243029600 16
1243116000 7
1243202400 8
1243288800 6
1243375200 11
1243461600 14
1243548000 9
1243634400 17
1243720800 9
1243807200 9
1243893600 12
1243980000 16
1244066400 15
1244152800 7
1244239200 14
1244325600 13
1244412000 10
1244498400 12
1244584800 20
1244671200 20
1244757600 10
1244844000 32
1244930400 11
1245016800 8
1245103200 6
1245189600 8
1245276000 12
1245362400 24
1245448800 19
1245535200 12
1245621600 9
1245708000 11
1245794400 15
1245880800 10
1245967200 19
1246053600 13
1246140000 13
1246226400 4
1246312800 9
1246399200 9
1246485600 17
1246572000 13
1246658400 14
1246744800 19
1246831200 12
1246917600 9
1247004000 21
1247090400 21
1247176800 21
1247263200 13
1247349600 12
1247436000 6
1247522400 5
1247608800 18
1247695200 23
1247781600 13
1247868000 6
1247954400 6
1248040800 7
1248127200 4
1248213600 6
1248300000 12
1248386400 14
1248472800 12
1248559200 6
1248645600 11
1248732000 6
1248818400 15
1248904800 9
1248991200 15
1249077600 10
1249164000 27
1249250400 12
1249336800 12
1249423200 16
1249509600 17
1249596000 18
1249682400 21
1249768800 19
1249855200 10
1249941600 6
1250028000 12
1250114400 18
1250200800 15
1250287200 15
1250373600 8
1250460000 11
1250546400 7
1250632800 11
1250719200 22
1250805600 16
1250892000 8
1250978400 11
1251064800 15
1251151200 6
1251237600 8
1251324000 8
1251410400 14
1251496800 19
1251583200 14
1251669600 6
1251756000 6
1251842400 18
1251928800 17
1252015200 24
1252101600 25
1252188000 21
1252274400 18
1252360800 17
1252447200 18
1252533600 23
1252620000 19
1252706400 17
1252792800 14
1252879200 5
1252965600 11
1253052000 15
1253138400 25
1253224800 24
1253311200 15
1253397600 14
1253484000 19
1253570400 7
1253656800 26
1253743200 11
1253829600 20
1253916000 12
1254002400 12
1254088800 5
1254175200 11
1254261600 26
1254348000 8
1254434400 20
1254520800 21
1254607200 10
1254693600 14
1254780000 8
1254866400 17
1254952800 35
1255039200 24
1255125600 15
1255212000 22
1255298400 11
1255384800 12
1255471200 26
1255557600 17
1255644000 18
1255730400 20
1255816800 15
1255903200 10
1255989600 10
1256076000 17
1256162400 24
1256248800 9
1256335200 26
1256421600 7
1256511600 3
1256598000 6
1256684400 14
1256770800 2
1256857200 9
1256943600 12
1257030000 19
1257116400 8
1257202800 11
1257289200 28
1257375600 18
1257462000 21
1257548400 17
1257634800 16
1257721200 9
1257807600 3
1257894000 8
1257980400 16
1258066800 17
1258153200 25
1258239600 26
1258326000 9
1258412400 7
1258498800 12
1258585200 22
1258671600 19
1258758000 24
1258844400 19
1258930800 8
1259017200 5
1259103600 15
1259190000 8
1259276400 1
1259362800 10
1259449200 16
1259535600 14
1259622000 6
1259708400 19
1259794800 22
1259881200 10
1259967600 40
1260054000 13
1260140400 7
1260226800 7
1260313200 16
1260399600 8
1260486000 23
1260572400 16
1260658800 9
1260745200 12
1260831600 9
1260918000 20
1261004400 11
1261090800 11
1261177200 16
1261263600 7
1261350000 1
1261436400 4
1261522800 12
1261609200 18
1261782000 1
1261868400 9
1261954800 2
1262041200 2
1262127600 12
1262214000 13
