1230850800 172
1230937200 378
1231023600 380
1231110000 250
1231196400 170
1231282800 357
1231369200 359
1231455600 350
1231542000 440
1231628400 399
1231714800 206
1231801200 259
1231887600 429
1231974000 450
1232060400 374
1232146800 488
1232233200 399
1232319600 257
1232406000 248
1232492400 298
1232578800 392
1232665200 395
1232751600 494
1232838000 415
1232924400 309
1233010800 189
1233097200 344
1233183600 352
1233270000 514
1233356400 497
1233442800 371
1233529200 240
1233615600 217
1233702000 271
1233788400 410
1233874800 393
1233961200 440
1234047600 348
1234134000 335
1234220400 296
1234306800 428
1234393200 596
1234479600 483
1234566000 460
1234652400 378
1234738800 263
1234825200 381
1234911600 350
1234998000 342
1235084400 284
1235170800 396
1235257200 425
1235343600 278
1235430000 207
1235516400 316
1235602800 388
1235689200 346
1235775600 454
1235862000 493
1235948400 248
1236034800 160
1236121200 226
1236207600 263
1236294000 304
1236380400 459
1236466800 331
1236553200 304
1236639600 243
1236726000 282
1236812400 351
1236898800 332
1236985200 392
1237071600 406
1237158000 281
1237244400 290
1237330800 297
1237417200 313
1237503600 307
1237590000 356
1237676400 401
1237762800 255
1237849200 252
1237935600 281
1238022000 281
1238108400 325
1238194800 426
1238281200 492
1238364000 240
1238450400 236
1238536800 411
1238623200 333
1238709600 325
1238796000 295
1238882400 466
1238968800 206
1239055200 219
1239141600 297
1239228000 391
1239314400 441
1239400800 335
1239487200 359
1239573600 225
1239660000 202
1239746400 283
1239832800 368
1239919200 296
1240005600 237
1240092000 241
1240178400 202
1240264800 155
1240351200 215
1240437600 276
1240524000 274
1240610400 257
1240696800 303
1240783200 178
1240869600 237
1240956000 346
1241042400 389
1241128800 396
1241215200 332
1241301600 254
1241388000 367
1241474400 144
1241560800 234
1241647200 256
1241733600 259
1241820000 355
1241906400 300
1241992800 291
1242079200 148
1242165600 361
1242252000 277
1242338400 238
1242424800 333
1242511200 311
1242597600 177
1242684000 183
1242770400 266
1242856800 265
1242943200 271
1243029600 241
1243116000 214
1243202400 215
1243288800 201
1243375200 244
1243461600 303
1243548000 225
1243634400 206
1243720800 231
1243807200 122
1243893600 166
1243980000 203
1244066400 250
1244152800 137
1244239200 213
1244325600 225
1244412000 103
1244498400 106
1244584800 251
1244671200 215
1244757600 206
1244844000 231
1244930400 267
1245016800 177
1245103200 121
1245189600 230
1245276000 256
1245362400 208
1245448800 221
1245535200 220
1245621600 131
1245708000 126
1245794400 254
1245880800 203
1245967200 306
1246053600 216
1246140000 216
1246226400 153
1246312800 94
1246399200 204
1246485600 202
1246572000 313
1246658400 338
1246744800 268
1246831200 228
1246917600 123
1247004000 210
1247090400 272
1247176800 232
1247263200 237
1247349600 270
1247436000 194
1247522400 111
1247608800 221
1247695200 194
1247781600 231
1247868000 194
1247954400 324
1248040800 229
1248127200 123
1248213600 239
1248300000 248
1248386400 218
1248472800 315
1248559200 338
1248645600 203
1248732000 125
1248818400 225
1248904800 245
1248991200 253
1249077600 213
1249164000 269
1249250400 193
1249336800 131
1249423200 255
1249509600 292
1249596000 261
1249682400 301
1249768800 306
1249855200 249
1249941600 105
1250028000 223
1250114400 191
1250200800 247
1250287200 278
1250373600 289
1250460000 222
1250546400 98
1250632800 186
1250719200 213
1250805600 217
1250892000 361
1250978400 364
1251064800 293
1251151200 125
1251237600 259
1251324000 263
1251410400 322
1251496800 294
1251583200 456
1251669600 343
1251756000 153
1251842400 240
1251928800 292
1252015200 314
1252101600 304
1252188000 360
1252274400 292
1252360800 206
1252447200 248
1252533600 270
1252620000 322
1252706400 288
1252792800 339
1252879200 242
1252965600 146
1253052000 172
1253138400 234
1253224800 252
1253311200 315
1253397600 264
1253484000 290
1253570400 161
1253656800 327
1253743200 261
1253829600 255
1253916000 280
1254002400 400
1254088800 281
1254175200 217
1254261600 263
1254348000 344
1254434400 278
1254520800 304
1254607200 279
1254693600 197
1254780000 209
1254866400 266
1254952800 274
1255039200 303
1255125600 280
1255212000 355
1255298400 219
1255384800 175
1255471200 304
1255557600 277
1255644000 230
1255730400 315
1255816800 309
1255903200 233
1255989600 142
1256076000 277
1256162400 479
1256248800 252
1256335200 302
1256421600 251
1256511600 248
1256598000 134
1256684400 247
1256770800 218
1256857200 229
1256943600 376
1257030000 353
1257116400 198
1257202800 155
1257289200 259
1257375600 205
1257462000 251
1257548400 281
1257634800 289
1257721200 194
1257807600 133
1257894000 266
1257980400 269
1258066800 239
1258153200 249
1258239600 249
1258326000 180
1258412400 162
1258498800 238
1258585200 267
1258671600 236
1258758000 301
1258844400 274
1258930800 140
1259017200 120
1259103600 240
1259190000 193
1259276400 75
1259362800 181
1259449200 294
1259535600 143
1259622000 123
1259708400 215
1259794800 262
1259881200 183
1259967600 278
1260054000 223
1260140400 96
1260226800 129
1260313200 223
1260399600 162
1260486000 143
1260572400 227
1260658800 266
1260745200 153
1260831600 101
1260918000 188
1261004400 173
1261090800 169
1261177200 182
1261263600 162
1261350000 69
1261436400 82
1261522800 150
1261609200 147
1261695600 75
1261782000 67
1261868400 129
1261954800 158
1262041200 96
1262127600 153
1262214000 170
