1293922800 8
1294009200 2
1294095600 4
1294182000 4
1294268400 6
1294354800 7
1294441200 8
1294527600 6
1294614000 4
1294700400 2
1294786800 4
1294873200 6
1294959600 11
1295046000 7
1295132400 7
1295218800 5
1295305200 5
1295391600 4
1295478000 9
1295564400 7
1295650800 4
1295737200 5
1295823600 6
1295996400 3
1296082800 1
1296169200 2
1296255600 3
1296342000 6
1296428400 5
1296514800 4
1296601200 8
1296687600 14
1296774000 18
1296860400 5
1296946800 5
1297033200 5
1297119600 5
1297206000 8
1297292400 2
1297378800 8
1297465200 7
1297551600 10
1297724400 4
1297810800 6
1297897200 8
1297983600 7
1298070000 5
1298156400 3
1298242800 3
1298329200 2
1298415600 6
1298502000 8
1298588400 2
1298674800 4
1298761200 3
1298847600 6
1299020400 11
1299106800 5
1299193200 2
1299279600 6
1299366000 5
1299452400 1
1299625200 6
1299711600 1
1299798000 3
1299884400 7
1299970800 15
1300057200 2
1300143600 8
1300230000 3
1300316400 6
1300402800 5
1300489200 6
1300575600 6
1300662000 4
1300748400 3
1300834800 11
1300921200 3
1301007600 7
1301094000 29
1301180400 9
1301263200 1
1301349600 2
1301436000 4
1301522400 6
1301608800 8
1301695200 4
1301781600 4
1301868000 9
1301954400 6
1302040800 7
1302127200 7
1302213600 11
1302300000 5
1302386400 6
1302472800 6
1302559200 6
1302645600 5
1302732000 2
1302818400 14
1302904800 10
1302991200 7
1303164000 2
1303250400 4
1303336800 13
1303423200 5
1303509600 6
1303596000 6
1303682400 1
1303768800 3
1303855200 6
1303941600 10
1304028000 6
1304114400 2
1304200800 16
1304287200 4
1304373600 3
1304460000 9
1304546400 7
1304632800 7
1304719200 6
1304805600 4
1304892000 8
1304978400 2
1305064800 5
1305151200 6
1305237600 2
1305324000 9
1305410400 6
1305496800 3
1305583200 4
1305669600 5
1305756000 8
1305842400 3
1305928800 6
1306015200 6
1306101600 6
1306188000 1
1306274400 5
1306360800 7
1306447200 2
1306533600 3
1306620000 7
1306706400 4
1306792800 4
1306879200 2
1306965600 2
1307052000 4
1307138400 6
1307224800 9
1307311200 2
1307397600 2
1307484000 4
1307570400 5
1307656800 4
1307743200 4
1307829600 8
1307916000 2
1308002400 2
1308088800 9
1308175200 3
1308261600 4
1308348000 5
1308434400 4
1308520800 8
1308607200 2
1308693600 10
1308780000 8
1308866400 6
1308952800 5
1309039200 10
1309125600 3
1309212000 1
1309298400 2
1309384800 8
1309471200 3
1309557600 4
1309644000 5
1309730400 1
1309816800 3
1309903200 8
1309989600 2
1310076000 6
1310162400 8
1310248800 11
1310335200 5
1310508000 10
1310594400 11
1310680800 1
1310767200 5
1310853600 6
1310940000 3
1311026400 1
1311112800 2
1311199200 15
1311285600 9
1311372000 6
1311458400 3
1311717600 7
1311804000 2
1311890400 11
1311976800 1
1312063200 3
1312149600 1
1312236000 2
1312322400 8
1312408800 3
1312495200 8
1312581600 12
1312668000 7
1312754400 5
1312840800 2
1312927200 8
1313013600 5
1313100000 4
1313186400 5
1313272800 5
1313359200 1
1313532000 1
1313618400 3
1313704800 8
1313791200 5
1313877600 6
1313964000 3
1314136800 7
1314223200 6
1314396000 5
1314482400 3
1314568800 2
1314828000 2
1314914400 2
1315000800 7
1315087200 5
1315173600 3
1315260000 4
1315432800 3
1315519200 5
1315605600 1
1315951200 3
1316037600 5
1316124000 7
1316210400 11
1316296800 5
1316383200 7
1316556000 4
1316642400 5
1316728800 3
1316815200 1
1316901600 2
1316988000 4
1317074400 2
1317160800 3
1317247200 6
1317333600 3
1317420000 10
1317506400 8
1317592800 3
1317679200 1
1317765600 3
1317852000 11
1317938400 2
1318024800 4
1318111200 6
1318197600 2
1318284000 1
1318370400 2
1318456800 5
1318543200 5
1318629600 1
1318716000 1
1318802400 2
1318888800 4
1318975200 8
1319061600 3
1319148000 11
1319234400 6
1319320800 5
1319407200 4
1319493600 3
1319580000 2
1319752800 4
1319839200 6
1319925600 4
1320015600 1
1320102000 3
1320188400 3
1320274800 4
1320361200 4
1320447600 5
1320534000 3
1320706800 2
1320793200 4
1320879600 2
1320966000 9
1321052400 5
1321138800 8
1321225200 2
1321484400 6
1321570800 3
1321657200 3
1321830000 1
1321916400 1
1322002800 1
1322089200 3
1322175600 1
1322262000 5
1322348400 4
1322434800 5
1322521200 1
1322607600 3
1322694000 4
1322780400 5
1322866800 2
1322953200 6
1323039600 4
1323212400 11
1323298800 2
1323385200 7
1323471600 6
1323558000 4
1323644400 4
1323730800 4
1323817200 2
1323903600 4
1323990000 5
1324076400 9
1324162800 12
1324335600 2
1324422000 3
1324508400 3
1324594800 2
1324681200 3
1325026800 3
1325113200 3
1325199600 5
1325286000 2
