1293922800 46
1294009200 43
1294095600 37
1294182000 51
1294268400 92
1294354800 93
1294441200 105
1294527600 55
1294614000 58
1294700400 27
1294786800 85
1294873200 84
1294959600 90
1295046000 101
1295132400 101
1295218800 76
1295305200 58
1295391600 91
1295478000 117
1295564400 156
1295650800 206
1295737200 155
1295823600 68
1295910000 49
1295996400 142
1296082800 43
1296169200 53
1296255600 67
1296342000 89
1296428400 48
1296514800 59
1296601200 105
1296687600 93
1296774000 117
1296860400 110
1296946800 106
1297033200 72
1297119600 50
1297206000 118
1297292400 122
1297378800 134
1297465200 131
1297551600 72
1297638000 83
1297724400 38
1297810800 120
1297897200 132
1297983600 146
1298070000 115
1298156400 74
1298242800 110
1298329200 49
1298415600 98
1298502000 110
1298588400 95
1298674800 76
1298761200 85
1298847600 102
1298934000 62
1299020400 99
1299106800 78
1299193200 87
1299279600 100
1299366000 77
1299452400 49
1299538800 56
1299625200 99
1299711600 90
1299798000 79
1299884400 145
1299970800 163
1300057200 90
1300143600 65
1300230000 112
1300316400 132
1300402800 135
1300489200 185
1300575600 120
1300662000 98
1300748400 49
1300834800 88
1300921200 57
1301007600 92
1301094000 132
1301180400 96
1301263200 86
1301349600 39
1301436000 85
1301522400 118
1301608800 103
1301695200 54
1301781600 97
1301868000 92
1301954400 60
1302040800 90
1302127200 124
1302213600 110
1302300000 86
1302386400 135
1302472800 53
1302559200 70
1302645600 78
1302732000 113
1302818400 110
1302904800 96
1302991200 74
1303077600 65
1303164000 47
1303250400 75
1303336800 122
1303423200 104
1303509600 124
1303596000 91
1303682400 53
1303768800 53
1303855200 84
1303941600 130
1304028000 178
1304114400 118
1304200800 151
1304287200 52
1304373600 39
1304460000 106
1304546400 107
1304632800 129
1304719200 121
1304805600 127
1304892000 60
1304978400 56
1305064800 110
1305151200 100
1305237600 106
1305324000 89
1305410400 102
1305496800 57
1305583200 58
1305669600 110
1305756000 88
1305842400 127
1305928800 115
1306015200 141
1306101600 80
1306188000 57
1306274400 110
1306360800 131
1306447200 86
1306533600 99
1306620000 80
1306706400 71
1306792800 56
1306879200 50
1306965600 96
1307052000 89
1307138400 83
1307224800 141
1307311200 69
1307397600 47
1307484000 53
1307570400 89
1307656800 79
1307743200 110
1307829600 72
1307916000 53
1308002400 43
1308088800 96
1308175200 87
1308261600 82
1308348000 92
1308434400 119
1308520800 54
1308607200 58
1308693600 101
1308780000 99
1308866400 93
1308952800 60
1309039200 73
1309125600 78
1309212000 46
1309298400 96
1309384800 114
1309471200 108
1309557600 92
1309644000 90
1309730400 42
1309816800 43
1309903200 98
1309989600 99
1310076000 98
1310162400 64
1310248800 77
1310335200 54
1310421600 20
1310508000 84
1310594400 90
1310680800 104
1310767200 78
1310853600 92
1310940000 48
1311026400 21
1311112800 100
1311199200 102
1311285600 89
1311372000 82
1311458400 53
1311544800 41
1311631200 30
1311717600 88
1311804000 74
1311890400 111
1311976800 79
1312063200 41
1312149600 24
1312236000 26
1312322400 68
1312408800 42
1312495200 68
1312581600 65
1312668000 56
1312754400 32
1312840800 27
1312927200 69
1313013600 100
1313100000 75
1313186400 47
1313272800 45
1313359200 22
1313445600 25
1313532000 76
1313618400 96
1313704800 52
1313791200 47
1313877600 51
1313964000 46
1314050400 32
1314136800 85
1314223200 81
1314309600 65
1314396000 57
1314482400 23
1314568800 19
1314655200 47
1314741600 105
1314828000 99
1314914400 54
1315000800 72
1315087200 44
1315173600 46
1315260000 31
1315346400 23
1315432800 48
1315519200 65
1315605600 54
1315692000 44
1315778400 25
1315864800 30
1315951200 77
1316037600 88
1316124000 54
1316210400 102
1316296800 82
1316383200 61
1316469600 44
1316556000 68
1316642400 67
1316728800 79
1316815200 71
1316901600 89
1316988000 49
1317074400 53
1317160800 81
1317247200 79
1317333600 94
1317420000 54
1317506400 57
1317592800 57
1317679200 19
1317765600 59
1317852000 68
1317938400 58
1318024800 105
1318111200 62
1318197600 56
1318284000 26
1318370400 117
1318456800 49
1318543200 56
1318629600 32
1318716000 21
1318802400 41
1318888800 45
1318975200 97
1319061600 70
1319148000 62
1319234400 113
1319320800 115
1319407200 53
1319493600 36
1319580000 119
1319666400 105
1319752800 64
1319839200 96
1319925600 58
1320015600 45
1320102000 70
1320188400 92
1320274800 112
1320361200 100
1320447600 111
1320534000 76
1320620400 21
1320706800 56
1320793200 76
1320879600 99
1320966000 100
1321052400 112
1321138800 92
1321225200 65
1321311600 44
1321398000 83
1321484400 80
1321570800 47
1321657200 122
1321743600 90
1321830000 46
1321916400 59
1322002800 66
1322089200 63
1322175600 27
1322262000 67
1322348400 53
1322434800 38
1322521200 51
1322607600 54
1322694000 50
1322780400 49
1322866800 63
1322953200 79
1323039600 32
1323126000 50
1323212400 72
1323298800 44
1323385200 87
1323471600 100
1323558000 57
1323644400 38
1323730800 35
1323817200 71
1323903600 76
1323990000 48
1324076400 95
1324162800 52
1324249200 34
1324335600 25
1324422000 80
1324508400 59
1324594800 46
1324681200 44
1324767600 12
1324854000 3
1324940400 20
1325026800 51
1325113200 47
1325199600 89
1325286000 45
