1230850800 79
1230937200 97
1231023600 101
1231110000 84
1231196400 76
1231282800 134
1231369200 146
1231455600 146
1231542000 181
1231628400 96
1231714800 68
1231801200 79
1231887600 145
1231974000 156
1232060400 126
1232146800 149
1232233200 126
1232319600 63
1232406000 61
1232492400 117
1232578800 126
1232665200 141
1232751600 156
1232838000 102
1232924400 36
1233010800 68
1233097200 113
1233183600 113
1233270000 165
1233356400 117
1233442800 123
1233529200 63
1233615600 80
1233702000 100
1233788400 107
1233874800 126
1233961200 105
1234047600 100
1234134000 82
1234220400 80
1234306800 132
1234393200 158
1234479600 166
1234566000 135
1234652400 109
1234738800 59
1234825200 69
1234911600 127
1234998000 103
1235084400 123
1235170800 146
1235257200 161
1235343600 66
1235430000 65
1235516400 127
1235602800 136
1235689200 134
1235775600 124
1235862000 122
1235948400 73
1236034800 37
1236121200 109
1236207600 126
1236294000 143
1236380400 155
1236466800 156
1236553200 90
1236639600 65
1236726000 102
1236812400 167
1236898800 130
1236985200 122
1237071600 122
1237158000 71
1237244400 72
1237330800 116
1237417200 132
1237503600 107
1237590000 133
1237676400 113
1237762800 62
1237849200 83
1237935600 105
1238022000 131
1238108400 104
1238194800 116
1238281200 115
1238364000 53
1238450400 63
1238536800 98
1238623200 162
1238709600 128
1238796000 109
1238882400 120
1238968800 83
1239055200 76
1239141600 126
1239228000 141
1239314400 158
1239400800 100
1239487200 124
1239573600 66
1239660000 65
1239746400 126
1239832800 106
1239919200 120
1240005600 111
1240092000 99
1240178400 77
1240264800 70
1240351200 107
1240437600 131
1240524000 108
1240610400 98
1240696800 61
1240783200 70
1240869600 65
1240956000 104
1241042400 153
1241128800 116
1241215200 84
1241301600 124
1241388000 62
1241474400 53
1241560800 128
1241647200 119
1241733600 103
1241820000 135
1241906400 87
1241992800 62
1242079200 78
1242165600 125
1242252000 158
1242338400 108
1242424800 110
1242511200 105
1242597600 60
1242684000 75
1242770400 133
1242856800 137
1242943200 113
1243029600 117
1243116000 73
1243202400 66
1243288800 40
1243375200 98
1243461600 101
1243548000 85
1243634400 94
1243720800 74
1243807200 45
1243893600 50
1243980000 124
1244066400 116
1244152800 92
1244239200 104
1244325600 100
1244412000 52
1244498400 60
1244584800 103
1244671200 141
1244757600 129
1244844000 133
1244930400 81
1245016800 82
1245103200 44
1245189600 115
1245276000 118
1245362400 108
1245448800 119
1245535200 85
1245621600 44
1245708000 70
1245794400 112
1245880800 84
1245967200 107
1246053600 115
1246140000 80
1246226400 60
1246312800 55
1246399200 95
1246485600 93
1246572000 95
1246658400 108
1246744800 77
1246831200 62
1246917600 49
1247004000 107
1247090400 117
1247176800 141
1247263200 85
1247349600 91
1247436000 38
1247522400 47
1247608800 96
1247695200 127
1247781600 114
1247868000 94
1247954400 71
1248040800 63
1248127200 42
1248213600 103
1248300000 109
1248386400 92
1248472800 101
1248559200 89
1248645600 54
1248732000 46
1248818400 94
1248904800 83
1248991200 89
1249077600 81
1249164000 99
1249250400 70
1249336800 63
1249423200 92
1249509600 116
1249596000 108
1249682400 127
1249768800 88
1249855200 77
1249941600 44
1250028000 78
1250114400 115
1250200800 108
1250287200 107
1250373600 84
1250460000 56
1250546400 43
1250632800 103
1250719200 127
1250805600 125
1250892000 96
1250978400 107
1251064800 65
1251151200 42
1251237600 108
1251324000 91
1251410400 115
1251496800 94
1251583200 80
1251669600 49
1251756000 41
1251842400 85
1251928800 109
1252015200 120
1252101600 124
1252188000 127
1252274400 64
1252360800 61
1252447200 92
1252533600 110
1252620000 121
1252706400 81
1252792800 91
1252879200 52
1252965600 56
1253052000 68
1253138400 142
1253224800 144
1253311200 122
1253397600 101
1253484000 45
1253570400 47
1253656800 122
1253743200 108
1253829600 118
1253916000 91
1254002400 92
1254088800 36
1254175200 45
1254261600 92
1254348000 95
1254434400 114
1254520800 100
1254607200 91
1254693600 77
1254780000 63
1254866400 120
1254952800 151
1255039200 128
1255125600 113
1255212000 109
1255298400 66
1255384800 55
1255471200 121
1255557600 120
1255644000 102
1255730400 101
1255816800 104
1255903200 38
1255989600 38
1256076000 109
1256162400 143
1256248800 110
1256335200 131
1256421600 65
1256511600 56
1256598000 39
1256684400 83
1256770800 59
1256857200 68
1256943600 108
1257030000 109
1257116400 64
1257202800 46
1257289200 82
1257375600 97
1257462000 98
1257548400 111
1257634800 136
1257721200 81
1257807600 48
1257894000 138
1257980400 107
1258066800 84
1258153200 121
1258239600 108
1258326000 44
1258412400 40
1258498800 109
1258585200 129
1258671600 104
1258758000 139
1258844400 111
1258930800 51
1259017200 60
1259103600 99
1259190000 69
1259276400 32
1259362800 89
1259449200 103
1259535600 59
1259622000 40
1259708400 106
1259794800 110
1259881200 95
1259967600 137
1260054000 72
1260140400 43
1260226800 47
1260313200 123
1260399600 80
1260486000 104
1260572400 86
1260658800 104
1260745200 55
1260831600 49
1260918000 100
1261004400 104
1261090800 69
1261177200 98
1261263600 44
1261350000 21
1261436400 30
1261522800 77
1261609200 88
1261695600 28
1261782000 16
1261868400 44
1261954800 40
1262041200 41
1262127600 89
1262214000 98
