1230850800 1004
1230937200 1969
1231023600 2032
1231110000 1264
1231196400 1011
1231282800 1870
1231369200 1874
1231455600 2166
1231542000 2738
1231628400 2104
1231714800 1107
1231801200 1478
1231887600 2490
1231974000 2310
1232060400 2097
1232146800 2294
1232233200 2252
1232319600 1452
1232406000 1318
1232492400 2124
1232578800 2394
1232665200 2509
1232751600 2794
1232838000 2225
1232924400 1657
1233010800 1314
1233097200 2317
1233183600 1750
1233270000 2378
1233356400 2409
1233442800 2205
1233529200 1370
1233615600 1392
1233702000 1588
1233788400 1953
1233874800 1908
1233961200 2111
1234047600 1930
1234134000 1703
1234220400 1534
1234306800 2461
1234393200 2821
1234479600 2481
1234566000 2457
1234652400 2113
1234738800 1458
1234825200 1641
1234911600 2114
1234998000 2013
1235084400 2080
1235170800 2291
1235257200 2355
1235343600 1570
1235430000 1284
1235516400 2046
1235602800 2357
1235689200 2179
1235775600 2608
1235862000 2415
1235948400 1387
1236034800 882
1236121200 1454
1236207600 1948
1236294000 2045
1236380400 2453
1236466800 2240
1236553200 1613
1236639600 1392
1236726000 1858
1236812400 2305
1236898800 2177
1236985200 2206
1237071600 2127
1237158000 1458
1237244400 1296
1237330800 1779
1237417200 2177
1237503600 1964
1237590000 2102
1237676400 2055
1237762800 1422
1237849200 1412
1237935600 1905
1238022000 2116
1238108400 1770
1238194800 2141
1238281200 2211
1238364000 1398
1238450400 1262
1238536800 2031
1238623200 1836
1238709600 2011
1238796000 1930
1238882400 2103
1238968800 1306
1239055200 1129
1239141600 1935
1239228000 2085
1239314400 2340
1239400800 2050
1239487200 1718
1239573600 1085
1239660000 1170
1239746400 1643
1239832800 1756
1239919200 1880
1240005600 1765
1240092000 1698
1240178400 1187
1240264800 1139
1240351200 1834
1240437600 1938
1240524000 2025
1240610400 1928
1240696800 1639
1240783200 1088
1240869600 1222
1240956000 1751
1241042400 2122
1241128800 2170
1241215200 1847
1241301600 1816
1241388000 1531
1241474400 964
1241560800 1688
1241647200 1735
1241733600 1857
1241820000 2141
1241906400 1735
1241992800 1384
1242079200 1138
1242165600 1963
1242252000 1866
1242338400 1687
1242424800 1838
1242511200 1663
1242597600 1037
1242684000 1051
1242770400 1744
1242856800 1878
1242943200 1639
1243029600 1711
1243116000 1585
1243202400 1314
1243288800 1040
1243375200 1605
1243461600 1888
1243548000 1638
1243634400 1805
1243720800 1518
1243807200 859
1243893600 909
1243980000 1511
1244066400 1624
1244152800 1119
1244239200 1249
1244325600 1524
1244412000 984
1244498400 982
1244584800 1547
1244671200 1789
1244757600 1517
1244844000 1528
1244930400 1480
1245016800 1014
1245103200 929
1245189600 1729
1245276000 1760
1245362400 1310
1245448800 1627
1245535200 1485
1245621600 849
1245708000 944
1245794400 1698
1245880800 1630
1245967200 1647
1246053600 1610
1246140000 1349
1246226400 1010
1246312800 915
1246399200 1716
1246485600 1585
1246572000 1686
1246658400 1670
1246744800 1351
1246831200 1132
1246917600 861
1247004000 1578
1247090400 1720
1247176800 1654
1247263200 1541
1247349600 1515
1247436000 958
1247522400 836
1247608800 1637
1247695200 1607
1247781600 1646
1247868000 1415
1247954400 1497
1248040800 1172
1248127200 904
1248213600 1527
1248300000 1712
1248386400 1475
1248472800 1753
1248559200 1672
1248645600 1188
1248732000 891
1248818400 1536
1248904800 1637
1248991200 1879
1249077600 1679
1249164000 1442
1249250400 1171
1249336800 908
1249423200 1473
1249509600 1744
1249596000 1735
1249682400 1787
1249768800 1620
1249855200 1441
1249941600 877
1250028000 1525
1250114400 1703
1250200800 1834
1250287200 1761
1250373600 1585
1250460000 1240
1250546400 949
1250632800 1363
1250719200 1718
1250805600 1793
1250892000 1835
1250978400 1754
1251064800 1430
1251151200 1129
1251237600 1569
1251324000 1683
1251410400 1831
1251496800 1726
1251583200 1797
1251669600 1360
1251756000 1287
1251842400 1718
1251928800 1646
1252015200 1663
1252101600 1700
1252188000 1629
1252274400 1252
1252360800 1059
1252447200 1422
1252533600 1530
1252620000 1751
1252706400 1488
1252792800 1678
1252879200 1397
1252965600 1071
1253052000 1209
1253138400 1826
1253224800 1870
1253311200 1822
1253397600 1678
1253484000 1159
1253570400 998
1253656800 1776
1253743200 1696
1253829600 1681
1253916000 1839
1254002400 1949
1254088800 1408
1254175200 1178
1254261600 1568
1254348000 2226
1254434400 1823
1254520800 1842
1254607200 1660
1254693600 1320
1254780000 1171
1254866400 1836
1254952800 1906
1255039200 1884
1255125600 1819
1255212000 1840
1255298400 1296
1255384800 1089
1255471200 1700
1255557600 1733
1255644000 1377
1255730400 1675
1255816800 1670
1255903200 1062
1255989600 1032
1256076000 1634
1256162400 2093
1256248800 1674
1256335200 1830
1256421600 1463
1256511600 1205
1256598000 932
1256684400 1425
1256770800 1332
1256857200 1765
1256943600 2380
1257030000 2098
1257116400 1302
1257202800 961
1257289200 1335
1257375600 1524
1257462000 1569
1257548400 1572
1257634800 1821
1257721200 1221
1257807600 978
1257894000 1972
1257980400 1801
1258066800 1496
1258153200 1706
1258239600 1479
1258326000 1080
1258412400 890
1258498800 1641
1258585200 1852
1258671600 1805
1258758000 1897
1258844400 1724
1258930800 1036
1259017200 896
1259103600 1639
1259190000 1368
1259276400 539
1259362800 1529
1259449200 1930
1259535600 1099
1259622000 900
1259708400 1386
1259794800 1378
1259881200 1643
1259967600 1742
1260054000 1228
1260140400 847
1260226800 821
1260313200 1435
1260399600 1256
1260486000 1288
1260572400 1452
1260658800 1541
1260745200 832
1260831600 727
1260918000 1416
1261004400 1255
1261090800 1160
1261177200 1362
1261263600 902
1261350000 473
1261436400 577
1261522800 1095
1261609200 1099
1261695600 503
1261782000 286
1261868400 825
1261954800 844
1262041200 796
1262127600 1241
1262214000 1445
