1199228400 20
1199314800 32
1199401200 30
1199487600 23
1199574000 30
1199660400 19
1199746800 14
1199833200 35
1199919600 46
1200006000 41
1200092400 44
1200178800 36
1200265200 29
1200351600 21
1200438000 30
1200524400 33
1200610800 40
1200697200 48
1200783600 42
1200870000 26
1200956400 20
1201042800 54
1201129200 29
1201215600 37
1201302000 38
1201388400 25
1201474800 37
1201561200 28
1201647600 30
1201734000 34
1201820400 30
1201906800 39
1201993200 27
1202079600 19
1202166000 18
1202252400 27
1202338800 39
1202425200 30
1202511600 43
1202598000 28
1202684400 20
1202770800 16
1202857200 32
1202943600 27
1203030000 42
1203116400 36
1203202800 44
1203289200 35
1203375600 27
1203462000 39
1203548400 37
1203634800 33
1203721200 34
1203807600 32
1203894000 24
1203980400 24
1204066800 39
1204153200 32
1204239600 27
1204326000 37
1204412400 34
1204498800 25
1204585200 21
1204671600 39
1204758000 38
1204844400 45
1204930800 49
1205017200 21
1205103600 20
1205190000 19
1205276400 37
1205362800 24
1205449200 48
1205535600 29
1205622000 29
1205708400 19
1205794800 22
1205881200 40
1205967600 30
1206054000 38
1206140400 17
1206226800 29
1206313200 29
1206399600 27
1206486000 28
1206572400 42
1206658800 18
1206745200 40
1206831600 25
1206914400 21
1207000800 15
1207087200 39
1207173600 48
1207260000 23
1207346400 32
1207432800 30
1207519200 20
1207605600 25
1207692000 33
1207778400 47
1207864800 36
1207951200 34
1208037600 28
1208124000 33
1208210400 13
1208296800 30
1208383200 34
1208469600 27
1208556000 26
1208642400 36
1208728800 25
1208815200 14
1208901600 27
1208988000 33
1209074400 26
1209160800 17
1209247200 23
1209333600 12
1209420000 14
1209506400 26
1209592800 43
1209679200 26
1209765600 45
1209852000 40
1209938400 31
1210024800 25
1210111200 44
1210197600 22
1210284000 36
1210370400 46
1210456800 29
1210543200 22
1210629600 21
1210716000 59
1210802400 26
1210888800 39
1210975200 45
1211061600 29
1211148000 33
1211234400 15
1211320800 29
1211407200 39
1211493600 40
1211580000 40
1211666400 21
1211752800 17
1211839200 9
1211925600 38
1212012000 26
1212098400 18
1212184800 32
1212271200 41
1212357600 29
1212444000 31
1212530400 37
1212616800 52
1212703200 36
1212789600 44
1212876000 16
1212962400 23
1213048800 14
1213135200 17
1213221600 41
1213308000 30
1213394400 30
1213480800 21
1213567200 16
1213653600 21
1213740000 43
1213826400 47
1213912800 35
1213999200 44
1214085600 18
1214172000 17
1214258400 15
1214344800 35
1214431200 28
1214517600 25
1214604000 28
1214690400 28
1214776800 13
1214863200 13
1214949600 28
1215036000 36
1215122400 21
1215208800 10
1215295200 25
1215381600 22
1215468000 10
1215554400 21
1215640800 23
1215727200 22
1215813600 21
1215900000 24
1215986400 16
1216072800 16
1216159200 32
1216245600 31
1216332000 33
1216418400 42
1216504800 19
1216591200 17
1216677600 13
1216764000 36
1216850400 37
1216936800 33
1217023200 31
1217109600 18
1217196000 16
1217282400 3
1217368800 35
1217455200 33
1217541600 30
1217628000 43
1217714400 29
1217800800 19
1217887200 23
1217973600 22
1218060000 26
1218146400 38
1218232800 29
1218319200 30
1218405600 54
1218492000 17
1218578400 33
1218664800 36
1218751200 28
1218837600 42
1218924000 36
1219010400 18
1219096800 18
1219183200 33
1219269600 55
1219356000 21
1219442400 26
1219528800 16
1219615200 18
1219701600 20
1219788000 22
1219874400 28
1219960800 24
1220047200 18
1220133600 22
1220220000 14
1220306400 12
1220392800 19
1220479200 25
1220565600 19
1220652000 27
1220738400 23
1220824800 18
1220911200 16
1220997600 14
1221084000 38
1221170400 21
1221256800 27
1221343200 32
1221429600 16
1221516000 24
1221602400 41
1221688800 35
1221775200 32
1221861600 37
1221948000 19
1222034400 21
1222120800 7
1222207200 11
1222293600 31
1222380000 36
1222466400 29
1222552800 23
1222639200 12
1222725600 16
1222812000 21
1222898400 22
1222984800 31
1223071200 38
1223157600 26
1223244000 17
1223330400 26
1223416800 30
1223503200 33
1223589600 47
1223676000 32
1223762400 27
1223848800 20
1223935200 13
1224021600 43
1224108000 50
1224194400 37
1224280800 26
1224367200 24
1224453600 14
1224540000 19
1224626400 45
1224712800 25
1224799200 30
1224885600 34
1224972000 37
1225062000 18
1225148400 14
1225234800 22
1225321200 29
1225407600 24
1225494000 29
1225580400 33
1225666800 13
1225753200 13
1225839600 19
1225926000 37
1226012400 35
1226098800 41
1226185200 23
1226271600 22
1226358000 13
1226444400 32
1226530800 25
1226617200 28
1226703600 33
1226790000 37
1226876400 9
1226962800 16
1227049200 32
1227135600 39
1227222000 34
1227308400 35
1227394800 30
1227481200 17
1227567600 12
1227654000 25
1227740400 27
1227826800 8
1227913200 25
1227999600 30
1228086000 19
1228172400 11
1228258800 23
1228345200 24
1228431600 24
1228518000 29
1228604400 23
1228690800 8
1228777200 18
1228863600 40
1228950000 25
1229036400 20
1229122800 24
1229209200 35
1229295600 16
1229382000 7
1229468400 21
1229554800 22
1229641200 25
1229727600 8
1229814000 11
1229900400 12
1229986800 14
1230073200 17
1230159600 9
1230246000 6
1230332400 21
1230418800 14
1230505200 17
1230591600 13
1230678000 18
