1199228400 252
1199314800 317
1199401200 279
1199487600 387
1199574000 390
1199660400 266
1199746800 184
1199833200 373
1199919600 469
1200006000 517
1200092400 547
1200178800 570
1200265200 380
1200351600 335
1200438000 364
1200524400 458
1200610800 456
1200697200 537
1200783600 661
1200870000 376
1200956400 255
1201042800 401
1201129200 427
1201215600 425
1201302000 495
1201388400 404
1201474800 403
1201561200 266
1201647600 406
1201734000 364
1201820400 405
1201906800 406
1201993200 479
1202079600 300
1202166000 211
1202252400 279
1202338800 392
1202425200 371
1202511600 482
1202598000 504
1202684400 335
1202770800 214
1202857200 310
1202943600 371
1203030000 415
1203116400 490
1203202800 545
1203289200 385
1203375600 291
1203462000 301
1203548400 418
1203634800 356
1203721200 403
1203807600 390
1203894000 265
1203980400 235
1204066800 390
1204153200 429
1204239600 395
1204326000 447
1204412400 385
1204498800 321
1204585200 249
1204671600 336
1204758000 414
1204844400 427
1204930800 426
1205017200 413
1205103600 303
1205190000 269
1205276400 317
1205362800 403
1205449200 403
1205535600 422
1205622000 458
1205708400 369
1205794800 200
1205881200 348
1205967600 343
1206054000 378
1206140400 347
1206226800 383
1206313200 267
1206399600 276
1206486000 337
1206572400 452
1206658800 360
1206745200 416
1206831600 329
1206914400 335
1207000800 197
1207087200 345
1207173600 415
1207260000 352
1207346400 423
1207432800 359
1207519200 304
1207605600 241
1207692000 330
1207778400 415
1207864800 414
1207951200 524
1208037600 495
1208124000 386
1208210400 267
1208296800 313
1208383200 380
1208469600 293
1208556000 421
1208642400 366
1208728800 312
1208815200 201
1208901600 302
1208988000 329
1209074400 335
1209160800 304
1209247200 327
1209333600 207
1209420000 143
1209506400 298
1209592800 425
1209679200 328
1209765600 443
1209852000 468
1209938400 287
1210024800 230
1210111200 331
1210197600 371
1210284000 403
1210370400 425
1210456800 418
1210543200 341
1210629600 183
1210716000 396
1210802400 331
1210888800 403
1210975200 390
1211061600 425
1211148000 340
1211234400 191
1211320800 270
1211407200 388
1211493600 421
1211580000 484
1211666400 394
1211752800 313
1211839200 158
1211925600 326
1212012000 331
1212098400 337
1212184800 395
1212271200 341
1212357600 226
1212444000 266
1212530400 311
1212616800 341
1212703200 307
1212789600 411
1212876000 276
1212962400 263
1213048800 181
1213135200 240
1213221600 330
1213308000 305
1213394400 336
1213480800 291
1213567200 208
1213653600 216
1213740000 319
1213826400 347
1213912800 293
1213999200 339
1214085600 281
1214172000 217
1214258400 147
1214344800 286
1214431200 258
1214517600 268
1214604000 211
1214690400 237
1214776800 152
1214863200 129
1214949600 232
1215036000 245
1215122400 219
1215208800 209
1215295200 283
1215381600 236
1215468000 170
1215554400 208
1215640800 286
1215727200 287
1215813600 303
1215900000 332
1215986400 176
1216072800 183
1216159200 388
1216245600 361
1216332000 435
1216418400 348
1216504800 280
1216591200 197
1216677600 173
1216764000 343
1216850400 324
1216936800 347
1217023200 335
1217109600 332
1217196000 294
1217282400 209
1217368800 303
1217455200 393
1217541600 390
1217628000 373
1217714400 369
1217800800 246
1217887200 222
1217973600 309
1218060000 360
1218146400 307
1218232800 375
1218319200 407
1218405600 318
1218492000 165
1218578400 314
1218664800 367
1218751200 295
1218837600 383
1218924000 355
1219010400 241
1219096800 199
1219183200 400
1219269600 339
1219356000 353
1219442400 328
1219528800 306
1219615200 247
1219701600 255
1219788000 292
1219874400 339
1219960800 306
1220047200 311
1220133600 334
1220220000 249
1220306400 151
1220392800 298
1220479200 305
1220565600 294
1220652000 320
1220738400 330
1220824800 302
1220911200 238
1220997600 302
1221084000 405
1221170400 361
1221256800 355
1221343200 405
1221429600 285
1221516000 215
1221602400 400
1221688800 389
1221775200 441
1221861600 376
1221948000 314
1222034400 272
1222120800 191
1222207200 270
1222293600 356
1222380000 333
1222466400 307
1222552800 269
1222639200 217
1222725600 193
1222812000 362
1222898400 301
1222984800 382
1223071200 465
1223157600 470
1223244000 248
1223330400 213
1223416800 369
1223503200 374
1223589600 442
1223676000 393
1223762400 418
1223848800 322
1223935200 233
1224021600 328
1224108000 396
1224194400 426
1224280800 369
1224367200 441
1224453600 301
1224540000 244
1224626400 354
1224712800 389
1224799200 367
1224885600 506
1224972000 410
1225062000 274
1225148400 202
1225234800 315
1225321200 387
1225407600 406
1225494000 449
1225580400 383
1225666800 219
1225753200 175
1225839600 250
1225926000 289
1226012400 341
1226098800 452
1226185200 398
1226271600 271
1226358000 212
1226444400 364
1226530800 407
1226617200 338
1226703600 387
1226790000 363
1226876400 231
1226962800 221
1227049200 387
1227135600 386
1227222000 337
1227308400 377
1227394800 345
1227481200 250
1227567600 211
1227654000 281
1227740400 281
1227826800 124
1227913200 282
1227999600 318
1228086000 281
1228172400 137
1228258800 301
1228345200 314
1228431600 300
1228518000 393
1228604400 309
1228690800 215
1228777200 167
1228863600 306
1228950000 297
1229036400 244
1229122800 324
1229209200 323
1229295600 204
1229382000 111
1229468400 224
1229554800 270
1229641200 252
1229727600 216
1229814000 246
1229900400 148
1229986800 161
1230073200 225
1230159600 154
1230246000 71
1230332400 309
1230418800 313
1230505200 199
1230591600 175
1230678000 255
