1388617200 13
1388703600 9
1388790000 12
1388876400 11
1388962800 8
1389049200 9
1389135600 7
1389222000 1
1389308400 15
1389394800 13
1389481200 10
1389567600 7
1389654000 7
1389740400 6
1389826800 17
1389913200 7
1389999600 10
1390086000 9
1390172400 12
1390258800 8
1390345200 9
1390431600 7
1390518000 3
1390604400 10
1390690800 10
1390777200 4
1390863600 5
1390950000 5
1391036400 5
1391122800 12
1391209200 8
1391295600 7
1391382000 5
1391468400 3
1391554800 8
1391641200 11
1391727600 11
1391814000 11
1391900400 14
1391986800 18
1392073200 4
1392159600 10
1392246000 9
1392332400 4
1392418800 7
1392505200 10
1392591600 6
1392678000 3
1392764400 8
1392850800 4
1392937200 11
1393023600 10
1393110000 9
1393196400 9
1393282800 11
1393369200 10
1393455600 6
1393542000 12
1393628400 13
1393714800 9
1393801200 5
1393887600 7
1393974000 10
1394060400 11
1394146800 8
1394233200 12
1394319600 14
1394406000 9
1394492400 9
1394578800 5
1394665200 11
1394751600 4
1394838000 6
1394924400 4
1395010800 13
1395097200 6
1395183600 12
1395270000 7
1395356400 8
1395442800 7
1395529200 13
1395615600 6
1395702000 8
1395788400 7
1395874800 5
1395961200 3
1396047600 8
1396134000 7
1396216800 3
1396303200 2
1396389600 9
1396476000 3
1396562400 9
1396648800 16
1396735200 20
1396821600 4
1396908000 5
1396994400 8
1397080800 18
1397167200 7
1397253600 6
1397340000 10
1397426400 5
1397512800 3
1397599200 4
1397685600 11
1397772000 9
1397858400 5
1397944800 5
1398031200 8
1398117600 3
1398204000 9
1398290400 7
1398376800 15
1398463200 8
1398549600 5
1398636000 4
1398722400 5
1398808800 9
1398895200 4
1398981600 10
1399068000 5
1399154400 8
1399240800 4
1399327200 3
1399413600 11
1399500000 4
1399586400 7
1399672800 3
1399759200 4
1399845600 6
1399932000 2
1400018400 8
1400104800 7
1400191200 7
1400277600 8
1400364000 10
1400450400 5
1400536800 6
1400623200 3
1400709600 4
1400796000 5
1400882400 5
1400968800 6
1401055200 4
1401141600 4
1401228000 4
1401400800 9
1401487200 5
1401573600 4
1401660000 3
1401746400 1
1401832800 2
1401919200 8
1402005600 6
1402092000 11
1402178400 2
1402264800 5
1402351200 6
1402437600 3
1402524000 8
1402610400 7
1402696800 5
1402783200 1
1402869600 3
1402956000 5
1403042400 3
1403128800 5
1403215200 6
1403301600 7
1403388000 5
1403474400 1
1403560800 1
1403647200 4
1403733600 5
1403820000 3
1403906400 4
1403992800 4
1404079200 2
1404165600 2
1404252000 5
1404338400 4
1404424800 11
1404511200 4
1404597600 6
1404684000 9
1404770400 3
1404856800 9
1404943200 4
1405029600 6
1405116000 5
1405202400 1
1405288800 2
1405375200 5
1405461600 11
1405548000 2
1405634400 5
1405720800 4
1405807200 10
1405893600 1
1405980000 2
1406066400 3
1406152800 5
1406239200 11
1406325600 4
1406412000 3
1406498400 3
1406671200 1
1406757600 3
1406844000 5
1406930400 5
1407103200 2
1407189600 1
1407276000 5
1407362400 10
1407448800 8
1407535200 3
1407621600 7
1407708000 2
1407794400 1
1407880800 11
1407967200 5
1408053600 10
1408140000 8
1408226400 7
1408312800 1
1408399200 2
1408485600 9
1408572000 4
1408658400 8
1408744800 2
1408831200 11
1408917600 1
1409004000 4
1409090400 2
1409176800 2
1409263200 9
1409436000 5
1409522400 1
1409608800 1
1409695200 5
1409781600 5
1409868000 2
1409954400 11
1410040800 2
1410127200 2
1410300000 4
1410386400 7
1410472800 13
1410559200 9
1410645600 8
1410732000 2
1410818400 1
1410904800 1
1410991200 4
1411077600 5
1411164000 6
1411250400 4
1411336800 3
1411423200 2
1411509600 7
1411596000 2
1411682400 1
1411768800 1
1411855200 7
1411941600 2
1412028000 2
1412114400 6
1412200800 3
1412287200 5
1412373600 8
1412460000 2
1412546400 3
1412632800 4
1412719200 5
1412805600 6
1412892000 4
1412978400 7
1413064800 3
1413151200 9
1413237600 1
1413324000 10
1413410400 7
1413496800 4
1413583200 12
1413669600 10
1413842400 1
1413928800 12
1414015200 8
1414101600 7
1414188000 2
1414274400 5
1414364400 1
1414450800 2
1414537200 5
1414623600 2
1414710000 5
1414796400 3
1414882800 1
1414969200 6
1415055600 2
1415142000 4
1415228400 2
1415314800 5
1415401200 6
1415487600 5
1415574000 5
1415660400 1
1415833200 11
1415919600 2
1416006000 8
1416092400 8
1416178800 3
1416265200 3
1416351600 2
1416438000 5
1416524400 7
1416610800 3
1416697200 3
1416783600 4
1416956400 5
1417042800 1
1417215600 2
1417302000 8
1417734000 6
1417820400 5
1417906800 2
1418166000 3
1418252400 5
1418338800 5
1418425200 5
1418511600 2
1418598000 5
1418770800 1
1418857200 1
1418943600 1
1419030000 4
1419116400 1
1419375600 2
1419634800 1
