1388617200 32
1388703600 22
1388790000 19
1388876400 24
1388962800 20
1389049200 13
1389135600 22
1389222000 24
1389308400 23
1389394800 37
1389481200 29
1389567600 29
1389654000 22
1389740400 22
1389826800 44
1389913200 25
1389999600 37
1390086000 24
1390172400 26
1390258800 22
1390345200 25
1390431600 25
1390518000 14
1390604400 24
1390690800 36
1390777200 27
1390863600 15
1390950000 22
1391036400 25
1391122800 34
1391209200 25
1391295600 25
1391382000 27
1391468400 12
1391554800 17
1391641200 22
1391727600 39
1391814000 43
1391900400 34
1391986800 27
1392073200 17
1392159600 45
1392246000 28
1392332400 14
1392418800 25
1392505200 27
1392591600 17
1392678000 16
1392764400 20
1392850800 22
1392937200 31
1393023600 25
1393110000 46
1393196400 29
1393282800 20
1393369200 36
1393455600 16
1393542000 41
1393628400 49
1393714800 43
1393801200 32
1393887600 14
1393974000 23
1394060400 31
1394146800 26
1394233200 29
1394319600 43
1394406000 26
1394492400 18
1394578800 23
1394665200 32
1394751600 16
1394838000 28
1394924400 30
1395010800 31
1395097200 22
1395183600 23
1395270000 24
1395356400 37
1395442800 30
1395529200 36
1395615600 24
1395702000 21
1395788400 19
1395874800 17
1395961200 16
1396047600 36
1396134000 20
1396216800 13
1396303200 14
1396389600 27
1396476000 37
1396562400 40
1396648800 30
1396735200 50
1396821600 28
1396908000 13
1396994400 31
1397080800 38
1397167200 19
1397253600 19
1397340000 17
1397426400 23
1397512800 9
1397599200 20
1397685600 27
1397772000 31
1397858400 24
1397944800 44
1398031200 32
1398117600 20
1398204000 29
1398290400 30
1398376800 39
1398463200 25
1398549600 15
1398636000 14
1398722400 13
1398808800 15
1398895200 17
1398981600 30
1399068000 21
1399154400 25
1399240800 13
1399327200 16
1399413600 25
1399500000 18
1399586400 37
1399672800 26
1399759200 18
1399845600 17
1399932000 14
1400018400 16
1400104800 26
1400191200 23
1400277600 24
1400364000 23
1400450400 16
1400536800 12
1400623200 20
1400709600 31
1400796000 30
1400882400 14
1400968800 20
1401055200 15
1401141600 18
1401228000 20
1401314400 13
1401400800 25
1401487200 26
1401573600 21
1401660000 12
1401746400 13
1401832800 16
1401919200 23
1402005600 22
1402092000 26
1402178400 19
1402264800 21
1402351200 14
1402437600 18
1402524000 32
1402610400 25
1402696800 18
1402783200 23
1402869600 12
1402956000 18
1403042400 21
1403128800 19
1403215200 21
1403301600 25
1403388000 12
1403474400 9
1403560800 12
1403647200 10
1403733600 16
1403820000 12
1403906400 18
1403992800 14
1404079200 26
1404165600 14
1404252000 15
1404338400 17
1404424800 19
1404511200 15
1404597600 19
1404684000 14
1404770400 15
1404856800 22
1404943200 22
1405029600 27
1405116000 17
1405202400 17
1405288800 12
1405375200 18
1405461600 23
1405548000 17
1405634400 21
1405720800 19
1405807200 19
1405893600 17
1405980000 12
1406066400 20
1406152800 24
1406239200 26
1406325600 19
1406412000 21
1406498400 13
1406584800 9
1406671200 6
1406757600 12
1406844000 16
1406930400 16
1407016800 11
1407103200 14
1407189600 10
1407276000 17
1407362400 37
1407448800 21
1407535200 26
1407621600 28
1407708000 11
1407794400 12
1407880800 21
1407967200 15
1408053600 17
1408140000 15
1408226400 25
1408312800 26
1408399200 18
1408485600 29
1408572000 19
1408658400 32
1408744800 15
1408831200 23
1408917600 11
1409004000 13
1409090400 14
1409176800 16
1409263200 21
1409349600 7
1409436000 20
1409522400 24
1409608800 10
1409695200 21
1409781600 18
1409868000 5
1409954400 37
1410040800 14
1410127200 7
1410213600 4
1410300000 11
1410386400 22
1410472800 27
1410559200 18
1410645600 35
1410732000 12
1410818400 7
1410904800 7
1410991200 23
1411077600 20
1411164000 26
1411250400 19
1411336800 11
1411423200 6
1411509600 25
1411596000 20
1411682400 9
1411768800 12
1411855200 20
1411941600 7
1412028000 9
1412114400 17
1412200800 14
1412287200 10
1412373600 23
1412460000 18
1412546400 20
1412632800 11
1412719200 17
1412805600 18
1412892000 18
1412978400 20
1413064800 15
1413151200 19
1413237600 11
1413324000 26
1413410400 33
1413496800 23
1413583200 27
1413669600 28
1413756000 13
1413842400 7
1413928800 30
1414015200 24
1414101600 24
1414188000 12
1414274400 43
1414364400 9
1414450800 5
1414537200 15
1414623600 18
1414710000 21
1414796400 20
1414882800 9
1414969200 19
1415055600 5
1415142000 28
1415228400 24
1415314800 22
1415401200 33
1415487600 17
1415574000 10
1415660400 13
1415746800 18
1415833200 30
1415919600 10
1416006000 22
1416092400 21
1416178800 11
1416265200 16
1416351600 10
1416438000 14
1416524400 13
1416610800 19
1416697200 17
1416783600 11
1416870000 8
1416956400 13
1417042800 9
1417129200 8
1417215600 8
1417302000 20
1417388400 11
1417474800 4
1417561200 3
1417647600 5
1417734000 8
1417820400 17
1417906800 3
1417993200 10
1418079600 6
1418166000 7
1418252400 12
1418338800 15
1418425200 20
1418511600 12
1418598000 12
1418684400 3
1418770800 7
1418857200 19
1418943600 10
1419030000 17
1419116400 10
1419202800 8
1419289200 2
1419375600 6
1419462000 2
1419548400 7
1419634800 3
1419721200 12
1419807600 2
1419894000 1
1419980400 4
