1388617200 178
1388703600 126
1388790000 84
1388876400 144
1388962800 100
1389049200 95
1389135600 131
1389222000 170
1389308400 220
1389394800 208
1389481200 179
1389567600 109
1389654000 128
1389740400 185
1389826800 237
1389913200 236
1389999600 218
1390086000 191
1390172400 132
1390258800 159
1390345200 75
1390431600 132
1390518000 132
1390604400 185
1390690800 161
1390777200 132
1390863600 122
1390950000 176
1391036400 150
1391122800 213
1391209200 204
1391295600 178
1391382000 125
1391468400 50
1391554800 138
1391641200 153
1391727600 176
1391814000 212
1391900400 205
1391986800 114
1392073200 109
1392159600 187
1392246000 158
1392332400 106
1392418800 170
1392505200 148
1392591600 91
1392678000 121
1392764400 160
1392850800 165
1392937200 191
1393023600 208
1393110000 193
1393196400 129
1393282800 130
1393369200 180
1393455600 136
1393542000 163
1393628400 223
1393714800 189
1393801200 127
1393887600 99
1393974000 121
1394060400 193
1394146800 176
1394233200 188
1394319600 190
1394406000 127
1394492400 137
1394578800 208
1394665200 204
1394751600 141
1394838000 213
1394924400 193
1395010800 127
1395097200 88
1395183600 178
1395270000 154
1395356400 178
1395442800 232
1395529200 199
1395615600 91
1395702000 114
1395788400 156
1395874800 146
1395961200 150
1396047600 210
1396134000 118
1396216800 79
1396303200 79
1396389600 181
1396476000 204
1396562400 224
1396648800 185
1396735200 189
1396821600 133
1396908000 96
1396994400 183
1397080800 229
1397167200 138
1397253600 201
1397340000 136
1397426400 97
1397512800 103
1397599200 123
1397685600 166
1397772000 141
1397858400 186
1397944800 164
1398031200 91
1398117600 131
1398204000 167
1398290400 224
1398376800 177
1398463200 152
1398549600 120
1398636000 100
1398722400 107
1398808800 123
1398895200 99
1398981600 162
1399068000 178
1399154400 121
1399240800 115
1399327200 121
1399413600 172
1399500000 195
1399586400 201
1399672800 186
1399759200 132
1399845600 85
1399932000 106
1400018400 183
1400104800 205
1400191200 181
1400277600 144
1400364000 197
1400450400 112
1400536800 111
1400623200 187
1400709600 172
1400796000 233
1400882400 153
1400968800 164
1401055200 92
1401141600 81
1401228000 145
1401314400 163
1401400800 151
1401487200 169
1401573600 159
1401660000 89
1401746400 79
1401832800 168
1401919200 147
1402005600 141
1402092000 196
1402178400 140
1402264800 95
1402351200 99
1402437600 146
1402524000 205
1402610400 164
1402696800 179
1402783200 166
1402869600 81
1402956000 148
1403042400 122
1403128800 170
1403215200 133
1403301600 115
1403388000 96
1403474400 87
1403560800 68
1403647200 127
1403733600 132
1403820000 104
1403906400 119
1403992800 84
1404079200 86
1404165600 62
1404252000 132
1404338400 145
1404424800 123
1404511200 96
1404597600 121
1404684000 83
1404770400 77
1404856800 96
1404943200 133
1405029600 125
1405116000 143
1405202400 129
1405288800 94
1405375200 56
1405461600 132
1405548000 161
1405634400 128
1405720800 143
1405807200 133
1405893600 105
1405980000 75
1406066400 135
1406152800 166
1406239200 172
1406325600 142
1406412000 114
1406498400 119
1406584800 84
1406671200 112
1406757600 137
1406844000 128
1406930400 127
1407016800 138
1407103200 96
1407189600 78
1407276000 111
1407362400 133
1407448800 135
1407535200 147
1407621600 165
1407708000 135
1407794400 77
1407880800 110
1407967200 119
1408053600 124
1408140000 147
1408226400 158
1408312800 124
1408399200 92
1408485600 144
1408572000 147
1408658400 139
1408744800 110
1408831200 121
1408917600 89
1409004000 61
1409090400 108
1409176800 133
1409263200 128
1409349600 110
1409436000 129
1409522400 122
1409608800 59
1409695200 98
1409781600 111
1409868000 87
1409954400 126
1410040800 104
1410127200 97
1410213600 77
1410300000 90
1410386400 118
1410472800 131
1410559200 142
1410645600 126
1410732000 100
1410818400 89
1410904800 109
1410991200 136
1411077600 143
1411164000 172
1411250400 176
1411336800 108
1411423200 72
1411509600 117
1411596000 137
1411682400 84
1411768800 111
1411855200 106
1411941600 99
1412028000 89
1412114400 131
1412200800 106
1412287200 122
1412373600 146
1412460000 111
1412546400 95
1412632800 81
1412719200 87
1412805600 114
1412892000 117
1412978400 124
1413064800 111
1413151200 107
1413237600 76
1413324000 161
1413410400 117
1413496800 110
1413583200 176
1413669600 187
1413756000 104
1413842400 52
1413928800 140
1414015200 89
1414101600 119
1414188000 143
1414274400 128
1414364400 85
1414450800 57
1414537200 106
1414623600 114
1414710000 113
1414796400 163
1414882800 81
1414969200 85
1415055600 64
1415142000 91
1415228400 122
1415314800 96
1415401200 161
1415487600 92
1415574000 70
1415660400 73
1415746800 151
1415833200 142
1415919600 94
1416006000 109
1416092400 123
1416178800 70
1416265200 66
1416351600 74
1416438000 102
1416524400 99
1416610800 109
1416697200 121
1416783600 54
1416870000 45
1416956400 78
1417042800 77
1417129200 39
1417215600 74
1417302000 110
1417388400 65
1417474800 52
1417561200 80
1417647600 45
1417734000 55
1417820400 44
1417906800 48
1417993200 41
1418079600 39
1418166000 52
1418252400 89
1418338800 84
1418425200 99
1418511600 78
1418598000 36
1418684400 26
1418770800 52
1418857200 68
1418943600 53
1419030000 67
1419116400 49
1419202800 27
1419289200 22
1419375600 20
1419462000 9
1419548400 11
1419634800 16
1419721200 35
1419807600 12
1419894000 19
1419980400 25
