1388617200 36
1388703600 32
1388790000 27
1388876400 32
1388962800 23
1389049200 22
1389135600 30
1389222000 16
1389308400 41
1389394800 34
1389481200 27
1389567600 19
1389654000 28
1389740400 29
1389826800 50
1389913200 26
1389999600 38
1390086000 33
1390172400 34
1390258800 29
1390345200 20
1390431600 26
1390518000 18
1390604400 38
1390690800 25
1390777200 18
1390863600 19
1390950000 18
1391036400 16
1391122800 28
1391209200 20
1391295600 37
1391382000 13
1391468400 8
1391554800 22
1391641200 29
1391727600 38
1391814000 31
1391900400 30
1391986800 29
1392073200 13
1392159600 31
1392246000 33
1392332400 11
1392418800 28
1392505200 21
1392591600 26
1392678000 9
1392764400 19
1392850800 23
1392937200 33
1393023600 17
1393110000 29
1393196400 15
1393282800 26
1393369200 26
1393455600 23
1393542000 22
1393628400 27
1393714800 37
1393801200 18
1393887600 15
1393974000 18
1394060400 23
1394146800 22
1394233200 26
1394319600 28
1394406000 21
1394492400 29
1394578800 35
1394665200 37
1394751600 24
1394838000 30
1394924400 20
1395010800 32
1395097200 13
1395183600 29
1395270000 21
1395356400 26
1395442800 35
1395529200 27
1395615600 13
1395702000 16
1395788400 23
1395874800 22
1395961200 26
1396047600 32
1396134000 17
1396216800 17
1396303200 13
1396389600 35
1396476000 21
1396562400 34
1396648800 24
1396735200 37
1396821600 15
1396908000 18
1396994400 37
1397080800 39
1397167200 23
1397253600 31
1397340000 23
1397426400 15
1397512800 9
1397599200 18
1397685600 33
1397772000 25
1397858400 25
1397944800 14
1398031200 18
1398117600 16
1398204000 23
1398290400 19
1398376800 21
1398463200 31
1398549600 13
1398636000 11
1398722400 13
1398808800 17
1398895200 9
1398981600 23
1399068000 27
1399154400 18
1399240800 11
1399327200 11
1399413600 37
1399500000 29
1399586400 18
1399672800 20
1399759200 13
1399845600 12
1399932000 10
1400018400 34
1400104800 30
1400191200 22
1400277600 20
1400364000 26
1400450400 26
1400536800 13
1400623200 22
1400709600 20
1400796000 26
1400882400 15
1400968800 12
1401055200 11
1401141600 8
1401228000 14
1401314400 18
1401400800 17
1401487200 22
1401573600 19
1401660000 12
1401746400 4
1401832800 28
1401919200 19
1402005600 16
1402092000 29
1402178400 21
1402264800 13
1402351200 11
1402437600 16
1402524000 26
1402610400 22
1402696800 16
1402783200 20
1402869600 7
1402956000 14
1403042400 9
1403128800 30
1403215200 15
1403301600 19
1403388000 8
1403474400 5
1403560800 10
1403647200 21
1403733600 20
1403820000 20
1403906400 16
1403992800 15
1404079200 18
1404165600 6
1404252000 15
1404338400 23
1404424800 29
1404511200 11
1404597600 25
1404684000 15
1404770400 10
1404856800 25
1404943200 20
1405029600 17
1405116000 26
1405202400 17
1405288800 13
1405375200 11
1405461600 32
1405548000 20
1405634400 20
1405720800 14
1405807200 25
1405893600 7
1405980000 19
1406066400 14
1406152800 22
1406239200 27
1406325600 16
1406412000 8
1406498400 12
1406584800 11
1406671200 15
1406757600 25
1406844000 13
1406930400 23
1407016800 16
1407103200 20
1407189600 15
1407276000 18
1407362400 23
1407448800 35
1407535200 17
1407621600 20
1407708000 20
1407794400 10
1407880800 30
1407967200 23
1408053600 22
1408140000 25
1408226400 25
1408312800 10
1408399200 7
1408485600 24
1408572000 24
1408658400 22
1408744800 10
1408831200 25
1408917600 19
1409004000 12
1409090400 19
1409176800 25
1409263200 25
1409349600 9
1409436000 16
1409522400 10
1409608800 11
1409695200 16
1409781600 16
1409868000 12
1409954400 30
1410040800 22
1410127200 15
1410213600 10
1410300000 18
1410386400 25
1410472800 25
1410559200 23
1410645600 16
1410732000 10
1410818400 16
1410904800 19
1410991200 16
1411077600 22
1411164000 22
1411250400 21
1411336800 12
1411423200 6
1411509600 15
1411596000 13
1411682400 12
1411768800 12
1411855200 12
1411941600 15
1412028000 16
1412114400 16
1412200800 13
1412287200 18
1412373600 21
1412460000 13
1412546400 13
1412632800 17
1412719200 16
1412805600 26
1412892000 13
1412978400 23
1413064800 17
1413151200 15
1413237600 6
1413324000 28
1413410400 21
1413496800 17
1413583200 28
1413669600 28
1413756000 9
1413842400 7
1413928800 28
1414015200 19
1414101600 15
1414188000 13
1414274400 16
1414364400 11
1414450800 11
1414537200 13
1414623600 11
1414710000 26
1414796400 18
1414882800 8
1414969200 10
1415055600 10
1415142000 16
1415228400 23
1415314800 19
1415401200 26
1415487600 17
1415574000 16
1415660400 10
1415746800 6
1415833200 20
1415919600 17
1416006000 20
1416092400 14
1416178800 16
1416265200 17
1416351600 7
1416438000 11
1416524400 14
1416610800 20
1416697200 14
1416783600 13
1416870000 5
1416956400 16
1417042800 6
1417129200 2
1417215600 11
1417302000 18
1417388400 7
1417474800 8
1417561200 14
1417647600 8
1417734000 15
1417820400 14
1417906800 9
1417993200 9
1418079600 8
1418166000 9
1418252400 14
1418338800 7
1418425200 16
1418511600 12
1418598000 12
1418684400 3
1418770800 5
1418857200 10
1418943600 9
1419030000 12
1419116400 3
1419202800 3
1419289200 4
1419375600 5
1419462000 3
1419634800 4
1419721200 1
1419894000 4
1419980400 2
