1262300400 24
1262386800 9
1262473200 37
1262559600 13
1262646000 20
1262732400 24
1262818800 40
1262905200 25
1262991600 22
1263078000 32
1263164400 36
1263250800 35
1263337200 17
1263423600 29
1263510000 46
1263596400 46
1263682800 24
1263769200 40
1263855600 31
1263942000 36
1264028400 57
1264114800 36
1264201200 32
1264287600 28
1264374000 34
1264460400 32
1264546800 43
1264633200 45
1264719600 15
1264806000 65
1264892400 29
1264978800 59
1265065200 46
1265151600 38
1265238000 20
1265324400 42
1265410800 42
1265497200 25
1265583600 65
1265670000 71
1265756400 10
1265842800 18
1265929200 87
1266015600 53
1266102000 33
1266188400 47
1266274800 24
1266361200 21
1266447600 59
1266534000 57
1266620400 46
1266706800 35
1266793200 29
1266879600 49
1266966000 40
1267052400 16
1267138800 55
1267225200 57
1267311600 75
1267398000 40
1267484400 38
1267570800 40
1267657200 42
1267743600 38
1267830000 26
1267916400 43
1268002800 28
1268089200 49
1268175600 54
1268262000 27
1268348400 39
1268434800 33
1268521200 36
1268607600 30
1268694000 27
1268780400 20
1268866800 45
1268953200 25
1269039600 55
1269126000 46
1269212400 6
1269298800 31
1269385200 33
1269471600 17
1269558000 45
1269644400 37
1269730800 18
1269813600 23
1269900000 18
1269986400 22
1270072800 28
1270159200 44
1270245600 30
1270332000 17
1270418400 13
1270504800 30
1270591200 37
1270677600 38
1270764000 41
1270850400 36
1270936800 31
1271023200 20
1271109600 38
1271196000 29
1271282400 39
1271368800 28
1271455200 53
1271541600 19
1271628000 47
1271714400 56
1271800800 28
1271887200 38
1271973600 30
1272060000 31
1272146400 45
1272232800 23
1272319200 40
1272405600 49
1272492000 29
1272578400 47
1272664800 35
1272751200 44
1272837600 28
1272924000 43
1273010400 37
1273096800 30
1273183200 24
1273269600 25
1273356000 20
1273442400 30
1273528800 38
1273615200 35
1273701600 46
1273788000 39
1273874400 29
1273960800 17
1274047200 39
1274133600 24
1274220000 49
1274306400 43
1274392800 33
1274479200 48
1274565600 36
1274652000 23
1274738400 45
1274824800 34
1274911200 32
1274997600 33
1275084000 28
1275170400 13
1275256800 3
1275343200 7
1275429600 32
1275516000 33
1275602400 33
1275688800 36
1275775200 16
1275861600 15
1275948000 26
1276034400 32
1276120800 22
1276207200 63
1276293600 61
1276380000 6
1276466400 16
1276552800 44
1276639200 24
1276725600 36
1276812000 30
1276898400 53
1276984800 17
1277071200 18
1277157600 13
1277244000 21
1277330400 14
1277416800 29
1277503200 35
1277589600 9
1277676000 5
1277762400 21
1277848800 24
1277935200 44
1278021600 33
1278108000 47
1278194400 15
1278280800 40
1278367200 35
1278453600 33
1278540000 49
1278626400 84
1278712800 68
1278799200 26
1278885600 21
1278972000 24
1279058400 39
1279144800 34
1279231200 15
1279317600 15
1279404000 34
1279490400 12
1279576800 18
1279663200 35
1279749600 9
1279836000 36
1279922400 44
1280008800 23
1280095200 8
1280181600 8
1280268000 6
1280354400 18
1280440800 19
1280527200 34
1280613600 25
1280700000 17
1280786400 15
1280872800 25
1280959200 12
1281045600 29
1281132000 28
1281218400 40
1281304800 10
1281391200 22
1281477600 21
1281564000 28
1281650400 32
1281736800 32
1281823200 33
1281909600 15
1281996000 20
1282082400 22
1282168800 19
1282255200 27
1282341600 22
1282428000 36
1282514400 15
1282600800 28
1282687200 30
1282773600 26
1282860000 35
1282946400 37
1283032800 37
1283119200 20
1283205600 13
1283292000 28
1283378400 23
1283464800 28
1283551200 46
1283637600 27
1283724000 24
1283810400 8
1283896800 31
1283983200 25
1284069600 54
1284156000 40
1284242400 36
1284328800 24
1284415200 13
1284501600 19
1284588000 30
1284674400 26
1284760800 30
1284847200 26
1284933600 20
1285020000 25
1285106400 34
1285192800 21
1285279200 28
1285365600 37
1285452000 27
1285538400 7
1285624800 10
1285711200 20
1285797600 21
1285884000 20
1285970400 26
1286056800 20
1286143200 13
1286229600 26
1286316000 29
1286402400 23
1286488800 29
1286575200 47
1286661600 26
1286748000 22
1286834400 35
1286920800 25
1287007200 38
1287093600 38
1287180000 60
1287266400 37
1287352800 24
1287439200 38
1287525600 33
1287612000 34
1287698400 47
1287784800 54
1287871200 52
1287957600 37
1288044000 6
1288130400 37
1288216800 45
1288303200 35
1288389600 46
1288476000 31
1288566000 13
1288652400 19
1288738800 34
1288825200 28
1288911600 37
1288998000 43
1289084400 26
1289170800 32
1289257200 46
1289343600 50
1289430000 27
1289516400 40
1289602800 34
1289689200 25
1289775600 4
1289862000 15
1289948400 18
1290034800 40
1290121200 41
1290207600 36
1290294000 34
1290380400 23
1290466800 32
1290553200 11
1290639600 10
1290726000 25
1290812400 32
1290898800 29
1290985200 19
1291071600 12
1291158000 32
1291244400 58
1291330800 54
1291417200 57
1291503600 28
1291590000 13
1291676400 33
1291762800 32
1291849200 32
1291935600 37
1292022000 46
1292108400 6
1292194800 23
1292281200 17
1292367600 28
1292454000 21
1292540400 34
1292626800 25
1292713200 6
1292799600 16
1292886000 17
1292972400 22
1293058800 27
1293145200 10
1293231600 6
1293318000 2
1293490800 4
1293577200 7
1293663600 6
1293750000 12
